Temperature Strain
299.581 0.0255091
299.58	0.0255091
299.576	0.0254808
299.569	0.0254215
299.558	0.025338
299.548	0.0252357
299.534	0.0250905
299.518	0.0249755
299.502	0.0248688
299.484	0.0248212
299.467	0.024895
299.452	0.0250301
299.439	0.0251981
299.427	0.0253865
299.416	0.0256021
299.405	0.0257868
299.392	0.0259805
299.38	0.0261537
299.367	0.0262965
299.351	0.0264173
299.336	0.026497
299.328	0.0265279
299.324	0.0264778
299.323	0.0263625
299.323	0.0261889
299.325	0.0259344
299.331	0.0256271
299.343	0.0252937
299.361	0.0249503
299.375	0.0246511
299.387	0.02436
299.398	0.0241434
299.406	0.0240013
299.414	0.0238782
299.422	0.0238363
299.425	0.0238185
299.423	0.0238137
299.419	0.0238208
299.41	0.023848
299.399	0.0238862
299.384	0.0239557
299.365	0.0240156
299.343	0.024073
299.32	0.0241363
299.3	0.0242154
299.282	0.0243007
299.263	0.0244166
299.244	0.0245423
299.226	0.0246664
299.21	0.0247767
299.188	0.024873
299.163	0.0249423
299.13	0.0248933
299.092	0.024747
299.05	0.0245349
299.009	0.0242771
298.968	0.0240001
298.927	0.0237028
298.889	0.0234106
298.85	0.0231118
298.808	0.0228302
298.758	0.0225769
298.706	0.0223597
298.65	0.0221866
298.592	0.0220431
298.533	0.021943
298.466	0.021907
298.398	0.0219572
298.329	0.0220218
298.259	0.0220743
298.194	0.0221348
298.137	0.0221565
298.084	0.0221473
298.033	0.0221274
297.987	0.0220723
297.941	0.0219981
297.895	0.0219401
297.853	0.0219065
297.816	0.0218992
297.782	0.0218993
297.746	0.0219206
297.71	0.0219385
297.674	0.0219164
297.637	0.0219032
297.598	0.0218865
297.557	0.0219002
297.518	0.0219572
297.482	0.0220299
297.444	0.0221154
297.403	0.0221733
297.358	0.0222309
297.315	0.022222
297.267	0.0221374
297.213	0.0219997
297.156	0.021815
297.098	0.0216332
297.034	0.0214358
296.963	0.0212327
296.888	0.0210351
296.813	0.0208555
296.736	0.0207011
296.657	0.0206104
296.574	0.020526
296.484	0.0204687
296.398	0.0204499
296.309	0.0204499
296.22	0.0205418
296.131	0.0206417
296.043	0.02077
295.961	0.020876
295.883	0.0208911
295.808	0.0209283
295.733	0.0209494
295.659	0.0209575
295.592	0.0209605
295.532	0.020953
295.479	0.0209205
295.43	0.0208919
295.372	0.0208608
295.305	0.0208312
295.236	0.0208195
295.167	0.0208414
295.097	0.020936
295.025	0.0210683
294.95	0.0212913
294.872	0.0215058
294.795	0.0217552
294.723	0.0219826
294.657	0.0221482
294.592	0.0222221
294.527	0.0222477
294.463	0.0221542
294.398	0.0219848
294.331	0.0217755
294.266	0.0214926
294.197	0.0211812
294.136	0.0208353
294.081	0.020466
294.028	0.0200782
293.973	0.0196669
293.919	0.0192421
293.864	0.0188202
293.806	0.0184523
293.747	0.0181226
293.687	0.017862
293.623	0.0176284
293.557	0.0174203
293.488	0.0172524
293.42	0.0171188
293.347	0.0170333
293.265	0.0170233
293.179	0.0171015
293.088	0.0172532
292.991	0.0174554
292.888	0.0176984
292.782	0.017944
292.668	0.0181876
292.548	0.0184163
292.425	0.0185942
292.307	0.0187435
292.193	0.0188793
292.079	0.0190131
291.965	0.0191146
291.855	0.0191564
291.75	0.0191542
291.651	0.0190941
291.554	0.01895
291.467	0.0187244
291.389	0.0184583
291.318	0.018134
291.248	0.0177761
291.173	0.0173966
291.097	0.0170123
291.022	0.016607
290.946	0.0162293
290.87	0.0158833
290.792	0.0155485
290.712	0.0152546
290.633	0.0150328
290.554	0.0148788
290.477	0.0147912
290.396	0.0147872
290.313	0.0149565
290.225	0.0151544
290.131	0.015422
290.034	0.0156848
289.936	0.0159041
289.839	0.016094
289.74	0.0162813
289.638	0.0164474
289.527	0.0165536
289.407	0.0166845
289.281	0.0167841
289.159	0.0168491
289.041	0.0168764
288.929	0.0168512
288.819	0.0167968
288.718	0.0166987
288.618	0.0165698
288.515	0.0164003
288.411	0.0162663
288.305	0.0160621
288.197	0.0158585
288.088	0.0156597
287.98	0.0154199
287.871	0.0152018
287.761	0.0149684
287.653	0.0147319
287.542	0.0145
287.429	0.0143034
287.321	0.0141365
287.209	0.0139901
287.089	0.0138516
286.965	0.0137398
286.84	0.0136448
286.71	0.0135603
286.581	0.0135164
286.453	0.013488
286.326	0.0134649
286.201	0.0134698
286.077	0.0134758
285.949	0.0134601
285.822	0.0133861
285.698	0.0132586
285.582	0.013024
285.475	0.0127868
285.371	0.0124928
285.268	0.0121999
285.165	0.0119209
285.066	0.0116663
284.97	0.011446
284.876	0.0112788
284.789	0.0111351
284.702	0.011013
284.615	0.0109587
284.523	0.010942
284.428	0.0109865
284.336	0.0110986
284.245	0.0112392
284.151	0.0114596
284.054	0.0116954
283.953	0.0119713
283.847	0.0122057
283.736	0.0124172
283.617	0.0125251
283.496	0.0125786
283.379	0.0125739
283.26	0.0125104
283.139	0.0124081
283.017	0.0122671
282.897	0.0120588
282.777	0.0118068
282.656	0.011512
282.533	0.0112238
282.406	0.0109378
282.273	0.0106905
282.144	0.010454
282.019	0.0102748
281.9	0.0101019
281.782	0.00997625
281.664	0.00982793
281.542	0.00965872
281.415	0.0095088
281.289	0.00934167
281.162	0.00917757
281.036	0.00899747
280.914	0.0088222
280.796	0.00863056
280.678	0.00845222
280.558	0.0082816
280.434	0.00809819
280.305	0.00793892
280.172	0.00778878
280.039	0.0076845
279.909	0.00762138
279.783	0.00762318
279.659	0.00767158
279.536	0.00777255
279.414	0.00787412
279.294	0.00799575
279.176	0.00810201
279.056	0.00818583
278.933	0.0081725
278.81	0.00812924
278.685	0.008026
278.557	0.00788824
278.43	0.00771844
278.304	0.00749739
278.176	0.0072546
278.048	0.00700215
277.921	0.00673686
277.795	0.00645185
277.668	0.0061578
277.542	0.00586283
277.417	0.00561397
277.292	0.00539079
277.171	0.00521408
277.053	0.005063
276.935	0.00492527
276.817	0.00483595
276.7	0.00470161
276.584	0.00460848
276.472	0.00454009
276.357	0.00445969
276.235	0.00440964
276.112	0.00436546
275.99	0.00433314
275.868	0.00429168
275.746	0.00425659
275.62	0.00417963
275.493	0.00405918
275.369	0.00391053
275.243	0.00376084
275.115	0.00362459
274.987	0.00348182
274.86	0.00333588
274.734	0.00317371
274.61	0.00301276
274.489	0.00285839
274.374	0.00264855
274.256	0.00242552
274.134	0.00218096
274.012	0.0019311
273.888	0.00169384
273.763	0.00148563
273.636	0.00129107
273.512	0.00110438
273.39	0.000932127
273.27	0.000805095
273.154	0.0007402
273.04	0.000725031
272.923	0.000758931
272.801	0.000857994
272.673	0.00101623
272.547	0.00119556
272.425	0.00139868
272.31	0.00156325
272.201	0.00169407
272.093	0.00179695
271.989	0.00182296
271.893	0.00180332
271.801	0.00171134
271.713	0.00156027
271.631	0.00135382
271.546	0.00112164
271.457	0.000855923
271.365	0.000588283
271.275	0.00030154
271.188	0.0000336
271.103	-0.000241756
271.019	-0.000466391
270.936	-0.000659838
270.854	-0.000827968
270.77	-0.00099951
270.684	-0.00117138
270.591	-0.00135548
270.494	-0.00155149
270.392	-0.00179376
270.291	-0.00198394
270.19	-0.0022115
270.086	-0.00242695
269.979	-0.00264136
269.872	-0.00288233
269.765	-0.00308315
269.656	-0.0032766
269.546	-0.00347115
269.435	-0.00361934
269.323	-0.00371502
269.211	-0.00375591
269.096	-0.00373138
268.981	-0.00361578
268.863	-0.00345933
268.743	-0.00323388
268.622	-0.0030065
268.502	-0.0027803
268.383	-0.00259972
268.265	-0.00246932
268.143	-0.00240561
268.027	-0.00237831
267.913	-0.00243852
267.794	-0.00256464
267.673	-0.00273344
267.556	-0.0029493
267.439	-0.00320581
267.326	-0.00350276
267.214	-0.0037962
267.093	-0.00406447
266.966	-0.00428572
266.834	-0.00448453
266.701	-0.00466791
266.568	-0.0048102
266.436	-0.00494602
266.303	-0.00505579
266.168	-0.00511444
266.033	-0.00519861
265.9	-0.00530784
265.767	-0.00545192
265.635	-0.00558591
265.508	-0.00573206
265.382	-0.0058486
265.256	-0.00596328
265.128	-0.00605842
264.997	-0.0061495
264.861	-0.00624995
264.721	-0.0063369
264.584	-0.00640941
264.45	-0.00649121
264.317	-0.00653218
264.186	-0.00657851
264.054	-0.00659962
263.92	-0.00660072
263.785	-0.00661665
263.65	-0.00666291
263.516	-0.00674984
263.379	-0.00689229
263.237	-0.00705008
263.089	-0.00722657
262.935	-0.00746185
262.778	-0.00770743
262.622	-0.00793922
262.471	-0.00816338
262.323	-0.00838153
262.174	-0.00861678
262.019	-0.0088197
261.859	-0.0090141
261.701	-0.00918014
261.546	-0.00929315
261.396	-0.00936943
261.248	-0.00944176
261.101	-0.00954548
260.958	-0.009665
260.819	-0.00981483
260.683	-0.00999066
260.549	-0.0101934
260.414	-0.0104134
260.281	-0.010658
260.149	-0.0108907
260.015	-0.0111161
259.882	-0.0113297
259.752	-0.0115051
259.625	-0.0116652
259.5	-0.0117744
259.375	-0.0118444
259.253	-0.0118674
259.128	-0.011855
259.003	-0.0117633
258.881	-0.0116984
258.757	-0.0115902
258.628	-0.0114865
258.497	-0.0113933
258.365	-0.0113444
258.233	-0.0113348
258.099	-0.0113701
257.959	-0.0114554
257.819	-0.0115657
257.68	-0.0117209
257.54	-0.0118994
257.398	-0.0120827
257.259	-0.0122788
257.121	-0.0124376
256.986	-0.012593
256.857	-0.0127232
256.73	-0.0127966
256.602	-0.012827
256.472	-0.0128428
256.344	-0.012717
256.22	-0.0126052
256.093	-0.0124723
255.967	-0.0123793
255.838	-0.0123279
255.711	-0.0123627
255.588	-0.0124728
255.468	-0.0126728
255.347	-0.0129123
255.226	-0.0132217
255.107	-0.0135761
254.99	-0.0139565
254.876	-0.0143651
254.763	-0.0148001
254.648	-0.0152553
254.53	-0.0156731
254.41	-0.016052
254.288	-0.0163737
254.161	-0.0166345
254.032	-0.0168255
253.906	-0.0170002
253.781	-0.0171464
253.66	-0.0172788
253.542	-0.0173949
253.423	-0.0175028
253.302	-0.0175942
253.181	-0.0176326
253.061	-0.0176239
252.941	-0.0175995
252.828	-0.0175389
252.716	-0.0174735
252.61	-0.0173953
252.506	-0.017343
252.403	-0.0172547
252.303	-0.0172382
252.195	-0.0172369
252.082	-0.0172584
251.965	-0.0173139
251.843	-0.0173888
251.715	-0.0174913
251.586	-0.0176262
251.461	-0.0178056
251.336	-0.0180369
251.214	-0.0182988
251.097	-0.0185874
250.982	-0.0189057
250.87	-0.0192202
250.761	-0.0195192
250.653	-0.0198172
250.54	-0.0200981
250.424	-0.020341
250.304	-0.0205721
250.181	-0.0207746
250.057	-0.0209483
249.936	-0.0211251
249.817	-0.0212445
249.698	-0.0212945
249.582	-0.0212358
249.465	-0.0211622
249.348	-0.0210283
249.23	-0.0208835
249.113	-0.0207207
248.999	-0.0205608
248.888	-0.0204084
248.78	-0.020263
248.675	-0.0201357
248.569	-0.0200216
248.458	-0.0199458
248.338	-0.0198941
248.209	-0.0199215
248.075	-0.0199957
247.944	-0.0201502
247.815	-0.0203482
247.689	-0.0206103
247.565	-0.0209042
247.443	-0.0212011
247.321	-0.021522
247.2	-0.0218773
247.083	-0.0222521
246.968	-0.0226256
246.857	-0.0230604
246.743	-0.0234525
246.624	-0.0238828
246.502	-0.0243333
246.375	-0.0247828
246.243	-0.0252163
246.11	-0.0256063
245.978	-0.0259383
245.845	-0.0261903
245.716	-0.0263959
245.587	-0.0265257
245.457	-0.0266249
245.33	-0.0266707
245.205	-0.026639
245.084	-0.0265633
244.96	-0.0264568
244.833	-0.0262759
244.702	-0.0261079
244.567	-0.0259744
244.433	-0.0258414
244.301	-0.0258073
244.169	-0.0258085
244.04	-0.0258648
243.907	-0.0259563
243.77	-0.0260916
243.631	-0.0262366
243.487	-0.0264385
243.342	-0.026626
243.2	-0.0268125
243.058	-0.0269788
242.921	-0.027045
242.787	-0.027127
242.649	-0.0271976
242.515	-0.0272517
242.384	-0.0272798
242.257	-0.0273125
242.131	-0.027389
242.005	-0.027505
241.878	-0.0276562
241.749	-0.0278259
241.623	-0.0280037
241.496	-0.0281881
241.371	-0.0283739
241.25	-0.0285404
241.13	-0.0286797
241.01	-0.0287955
240.89	-0.028909
240.774	-0.0290154
240.661	-0.0290888
240.55	-0.0291532
240.436	-0.029182
240.317	-0.0292487
240.194	-0.0293097
240.062	-0.0294141
239.928	-0.0295181
239.794	-0.0296536
239.661	-0.0298375
239.527	-0.0300612
239.389	-0.0302968
239.247	-0.0305598
239.105	-0.0308617
238.962	-0.0311662
238.827	-0.0314725
238.699	-0.0317725
238.577	-0.0320597
238.458	-0.032302
238.343	-0.0325169
238.23	-0.0326972
238.121	-0.0328208
238.015	-0.0328981
237.907	-0.0329599
237.797	-0.0329944
237.685	-0.032991
237.568	-0.0329787
237.444	-0.0329133
237.312	-0.0328615
237.18	-0.0328421
237.052	-0.0328645
236.926	-0.0329031
236.802	-0.0330033
236.68	-0.033132
236.56	-0.0333646
236.437	-0.0335937
236.316	-0.033829
236.194	-0.0340687
236.075	-0.0342867
235.959	-0.0344807
235.844	-0.0346373
235.732	-0.0347914
235.62	-0.0349078
235.51	-0.0350199
235.399	-0.0351181
235.286	-0.0352219
235.168	-0.0353161
235.048	-0.0354128
234.928	-0.035545
234.809	-0.0357035
234.688	-0.0358796
234.569	-0.0360711
234.451	-0.0362548
234.333	-0.0364178
234.218	-0.0365403
234.103	-0.0366521
233.987	-0.0367434
233.869	-0.036811
233.745	-0.0368498
233.615	-0.0368906
233.485	-0.0369084
233.354	-0.0369506
233.22	-0.0369691
233.083	-0.0369766
232.941	-0.0369503
232.799	-0.0369394
232.658	-0.036972
232.516	-0.0370476
232.371	-0.0371547
232.224	-0.0373647
232.07	-0.0375823
231.915	-0.0378048
231.759	-0.038043
231.604	-0.038284
231.451	-0.0384886
231.299	-0.0386915
231.144	-0.0388844
230.987	-0.039062
230.834	-0.0392446
230.689	-0.0393635
230.554	-0.0395022
230.425	-0.0396418
230.299	-0.0397974
230.174	-0.0400336
230.047	-0.0402193
229.915	-0.0404601
229.779	-0.0406861
229.64	-0.0409047
229.5	-0.0411054
229.359	-0.0412129
229.215	-0.0412811
229.069	-0.0412902
228.922	-0.0412843
228.776	-0.0412474
228.627	-0.0412089
228.479	-0.0411441
228.328	-0.0411056
228.173	-0.0410986
228.019	-0.0411516
227.866	-0.0412459
227.716	-0.0413977
227.57	-0.0416368
227.427	-0.0419081
227.29	-0.0422209
227.156	-0.0425071
227.021	-0.0427295
226.886	-0.0429838
226.755	-0.0432151
226.624	-0.043432
226.495	-0.0436227
226.369	-0.0438042
226.245	-0.0439676
226.117	-0.0441257
225.984	-0.04428
225.844	-0.0444104
225.705	-0.0445195
225.565	-0.0446116
225.425	-0.0446911
225.283	-0.0447398
225.142	-0.0447717
225.004	-0.0447806
224.869	-0.0447499
224.736	-0.0446995
224.602	-0.0446352
224.468	-0.0445686
224.333	-0.0445125
224.198	-0.0444749
224.062	-0.044481
223.927	-0.0445243
223.792	-0.0446202
223.655	-0.0447713
223.519	-0.0449656
223.385	-0.0451935
223.256	-0.0454589
223.129	-0.0456987
223.004	-0.0459958
222.879	-0.0463473
222.756	-0.0466898
222.635	-0.0470382
222.516	-0.0474038
222.398	-0.0477604
222.277	-0.0480623
222.157	-0.0483229
222.035	-0.0485186
221.914	-0.0486485
221.796	-0.048733
221.681	-0.0487531
221.566	-0.0487606
221.451	-0.0487418
221.336	-0.048703
221.224	-0.0486316
221.115	-0.0485572
221.01	-0.0484994
220.905	-0.0484676
220.797	-0.0485057
220.685	-0.0485597
220.576	-0.0486512
220.467	-0.0487203
220.358	-0.0488069
220.248	-0.0488958
220.142	-0.0489934
220.042	-0.049078
219.947	-0.0491692
219.856	-0.0493044
219.765	-0.0494565
219.674	-0.0496361
219.585	-0.0498498
219.494	-0.0500872
219.401	-0.050332
219.308	-0.0505713
219.21	-0.0508392
219.11	-0.0511339
219.008	-0.0514881
218.905	-0.0518208
218.799	-0.0521784
218.688	-0.0525098
218.572	-0.0528046
218.452	-0.0530327
218.327	-0.0531879
218.198	-0.0532654
218.068	-0.0532606
217.937	-0.0531735
217.803	-0.0530158
217.668	-0.0528329
217.53	-0.0526606
217.389	-0.0524241
217.248	-0.0522188
217.107	-0.0520269
216.971	-0.0518837
216.836	-0.051841
216.698	-0.0518559
216.558	-0.051951
216.418	-0.052107
216.279	-0.0523355
216.139	-0.052615
216.002	-0.0529612
215.865	-0.0533424
215.729	-0.0537542
215.594	-0.0541571
215.46	-0.0545407
215.329	-0.0549027
215.199	-0.0552137
215.07	-0.0554993
214.942	-0.0557608
214.817	-0.055992
214.692	-0.0562572
214.566	-0.0564504
214.44	-0.056612
214.315	-0.0567182
214.188	-0.0567917
214.059	-0.0568036
213.931	-0.0567864
213.803	-0.0567384
213.672	-0.0566465
213.539	-0.0565523
213.402	-0.0564754
213.265	-0.0564093
213.126	-0.0563426
212.988	-0.0562996
212.849	-0.0562874
212.709	-0.0563093
212.567	-0.0563645
212.425	-0.0564725
212.283	-0.0566119
212.143	-0.0567793
212	-0.0569664
211.851	-0.0572025
211.699	-0.0574182
211.547	-0.0576227
211.395	-0.0578061
211.244	-0.0579536
211.089	-0.0580779
210.931	-0.0581642
210.773	-0.0582153
210.614	-0.0582258
210.458	-0.0582051
210.303	-0.058141
210.151	-0.0580709
209.998	-0.0580102
209.846	-0.0579326
209.695	-0.057879
209.539	-0.0578716
209.38	-0.0579018
209.22	-0.0579852
209.058	-0.0581236
208.9	-0.0583051
208.741	-0.0585454
208.584	-0.0588212
208.425	-0.0591179
208.267	-0.0594491
208.112	-0.0597977
207.959	-0.0601494
207.813	-0.0605049
207.67	-0.0608592
207.529	-0.0611829
207.389	-0.06149
207.25	-0.0617561
207.112	-0.0620299
206.975	-0.0622748
206.838	-0.0625451
206.702	-0.0627833
206.566	-0.0630048
206.434	-0.0632465
206.301	-0.0634727
206.171	-0.0636764
206.041	-0.0638424
205.911	-0.0639642
205.779	-0.0640478
205.646	-0.0640962
205.514	-0.0640992
205.377	-0.0640715
205.239	-0.0640014
205.099	-0.0638339
204.958	-0.0636649
204.817	-0.0634693
204.678	-0.0632675
204.539	-0.0630584
204.4	-0.0628496
204.26	-0.0626917
204.118	-0.0625871
203.975	-0.0625613
203.831	-0.0626473
203.685	-0.0628508
203.537	-0.0631352
203.391	-0.0635007
203.247	-0.0639382
203.101	-0.0643927
202.951	-0.0648676
202.801	-0.0653287
202.653	-0.0657721
202.509	-0.0661757
202.369	-0.0665259
202.235	-0.0668153
202.104	-0.0670084
201.975	-0.0671418
201.849	-0.0672006
201.722	-0.0671942
201.594	-0.0671105
201.467	-0.0669612
201.336	-0.0668271
201.207	-0.0666784
201.079	-0.0665508
200.951	-0.0664467
200.819	-0.0663683
200.684	-0.0663256
200.547	-0.0663162
200.41	-0.0663491
200.273	-0.0664322
200.134	-0.066565
199.993	-0.0667323
199.848	-0.0669498
199.7	-0.0671994
199.552	-0.0674786
199.401	-0.0677951
199.25	-0.0681037
199.101	-0.0683943
198.954	-0.0686735
198.811	-0.0689286
198.671	-0.0691898
198.532	-0.0693821
198.395	-0.0695512
198.258	-0.0697255
198.123	-0.0698515
197.986	-0.0699609
197.851	-0.0700383
197.715	-0.0700813
197.58	-0.0700663
197.443	-0.0700497
197.305	-0.0700517
197.165	-0.0700702
197.023	-0.0701115
196.882	-0.0701843
196.743	-0.0702937
196.604	-0.0704489
196.466	-0.070624
196.33	-0.0708323
196.192	-0.0710538
196.051	-0.0712835
195.911	-0.0715289
195.769	-0.0717701
195.628	-0.072029
195.489	-0.0722996
195.353	-0.0725649
195.218	-0.0728284
195.084	-0.0730746
194.952	-0.0733124
194.823	-0.0735365
194.692	-0.0737414
194.563	-0.0739717
194.435	-0.074128
194.306	-0.0742643
194.176	-0.0743652
194.048	-0.0744578
193.921	-0.0744984
193.791	-0.074505
193.659	-0.0744541
193.526	-0.0743586
193.394	-0.0742228
193.263	-0.0740521
193.134	-0.0738165
193.007	-0.0735875
192.885	-0.0733681
192.765	-0.0731444
192.647	-0.0729317
192.529	-0.0727629
192.409	-0.0726472
192.284	-0.0725925
192.153	-0.072596
192.017	-0.0726693
191.876	-0.0728181
191.734	-0.0730138
191.594	-0.0732681
191.458	-0.0735841
191.323	-0.0739398
191.185	-0.0743462
191.045	-0.0747894
190.9	-0.0752659
190.753	-0.0757843
190.607	-0.0762861
190.458	-0.0768068
190.311	-0.077282
190.167	-0.0777078
190.027	-0.078055
189.89	-0.078317
189.754	-0.0784793
189.619	-0.0785506
189.484	-0.078558
189.349	-0.0785038
189.214	-0.0783892
189.077	-0.0782601
188.938	-0.078131
188.795	-0.0780193
188.651	-0.0779661
188.505	-0.077938
188.358	-0.0779269
188.209	-0.0779524
188.059	-0.078007
187.907	-0.0781059
187.756	-0.0782432
187.604	-0.0783876
187.452	-0.0785642
187.3	-0.0787664
187.146	-0.0789777
186.997	-0.0792035
186.851	-0.0794456
186.707	-0.0796939
186.563	-0.0799534
186.417	-0.0802058
186.27	-0.0804593
186.123	-0.0807066
185.974	-0.0809398
185.826	-0.0811933
185.682	-0.081371
185.542	-0.0815056
185.404	-0.0815949
185.268	-0.0816475
185.134	-0.081657
185.001	-0.0816454
184.868	-0.0815925
184.735	-0.0815718
184.601	-0.0815611
184.47	-0.081575
184.34	-0.0816161
184.21	-0.0816938
184.078	-0.0818212
183.943	-0.0819914
183.802	-0.0822032
183.658	-0.082468
183.511	-0.0827418
183.362	-0.083016
183.213	-0.0832941
183.066	-0.0837085
182.92	-0.0839826
182.774	-0.0842216
182.627	-0.0844391
182.476	-0.0846227
182.324	-0.0847749
182.169	-0.0848895
182.016	-0.0849908
181.866	-0.0850878
181.718	-0.0851509
181.573	-0.0851903
181.432	-0.0852143
181.296	-0.0852075
181.163	-0.0851976
181.029	-0.0851751
180.896	-0.0851464
180.761	-0.085117
180.627	-0.0850594
180.495	-0.0850616
180.365	-0.0850813
180.238	-0.0850691
180.114	-0.0851328
179.991	-0.0852422
179.872	-0.085391
179.752	-0.0855772
179.633	-0.0857917
179.513	-0.0860581
179.392	-0.0863582
179.272	-0.0867049
179.15	-0.0870915
179.029	-0.0875022
178.908	-0.0879193
178.788	-0.0883486
178.669	-0.0887751
178.554	-0.089178
178.441	-0.0895536
178.329	-0.0898924
178.216	-0.0901743
178.104	-0.0904057
177.99	-0.0905944
177.878	-0.0907264
177.767	-0.0908241
177.657	-0.0908914
177.549	-0.0908937
177.441	-0.0908524
177.333	-0.090785
177.225	-0.090695
177.116	-0.0905875
177.006	-0.0904699
176.895	-0.0903817
176.786	-0.0903214
176.677	-0.090281
176.57	-0.0902845
176.464	-0.09033
176.358	-0.0904215
176.251	-0.0905563
176.141	-0.0907334
176.029	-0.0909641
175.915	-0.0912196
175.799	-0.0914934
175.679	-0.0917946
175.557	-0.0921104
175.432	-0.0924668
175.305	-0.0927843
175.179	-0.0930927
175.05	-0.0933792
174.919	-0.093604
174.79	-0.0938166
174.66	-0.0939711
174.535	-0.0940923
174.414	-0.0941723
174.295	-0.0942215
174.177	-0.0942288
174.062	-0.0942009
173.949	-0.0941549
173.835	-0.094094
173.72	-0.0940366
173.605	-0.0939827
173.488	-0.0939377
173.373	-0.0939154
173.259	-0.0938739
173.146	-0.0939589
173.033	-0.0940367
172.917	-0.0941811
172.8	-0.0943662
172.682	-0.0945995
172.562	-0.0948828
172.439	-0.0951908
172.316	-0.0955109
172.193	-0.0958601
172.069	-0.0962222
171.944	-0.0965779
171.818	-0.0969135
171.695	-0.0972129
171.571	-0.097491
171.448	-0.0977243
171.322	-0.0979116
171.194	-0.0980636
171.064	-0.0981832
170.932	-0.0982812
170.796	-0.0982101
170.66	-0.0982378
170.524	-0.0982474
170.388	-0.0982631
170.254	-0.0982766
170.119	-0.0982504
169.984	-0.0983098
169.848	-0.0983814
169.712	-0.098489
169.574	-0.0986299
169.433	-0.0988083
169.291	-0.0990268
169.149	-0.0992907
169.009	-0.0995685
168.87	-0.0998717
168.732	-0.100184
168.595	-0.100497
168.459	-0.100808
168.323	-0.101125
168.187	-0.101429
168.05	-0.101774
167.916	-0.102023
167.779	-0.102149
167.64	-0.102323
167.497	-0.102472
167.352	-0.102617
167.208	-0.102738
167.062	-0.102853
166.913	-0.102936
166.764	-0.102993
166.612	-0.103025
166.461	-0.103037
166.306	-0.103009
166.151	-0.102941
165.994	-0.102864
165.836	-0.102779
165.678	-0.102705
165.522	-0.102644
165.368	-0.102584
165.214	-0.102547
165.061	-0.102535
164.909	-0.102552
164.758	-0.10258
164.606	-0.102668
164.454	-0.102811
164.303	-0.103003
164.151	-0.103255
163.999	-0.10356
163.847	-0.103897
163.695	-0.104242
163.546	-0.104574
163.396	-0.104898
163.245	-0.105204
163.096	-0.105482
162.943	-0.10573
162.789	-0.105948
162.637	-0.106135
162.481	-0.106257
162.325	-0.106342
162.166	-0.106393
162.006	-0.106402
161.846	-0.106345
161.688	-0.106261
161.529	-0.106228
161.371	-0.106218
161.217	-0.106239
161.062	-0.106331
160.909	-0.106477
160.754	-0.106678
160.602	-0.106925
160.449	-0.107228
160.297	-0.107563
160.145	-0.107933
159.994	-0.10834
159.844	-0.108812
159.694	-0.109236
159.545	-0.109651
159.396	-0.11003
159.247	-0.110365
159.1	-0.110653
158.952	-0.110888
158.806	-0.111015
158.662	-0.111163
158.517	-0.111273
158.375	-0.111386
158.236	-0.111499
158.1	-0.111619
157.965	-0.111763
157.828	-0.111929
157.691	-0.112104
157.553	-0.112287
157.413	-0.112479
157.274	-0.112689
157.133	-0.112908
156.991	-0.113132
156.848	-0.113366
156.703	-0.113565
156.557	-0.113723
156.412	-0.113811
156.27	-0.113815
156.128	-0.113716
155.985	-0.113579
155.843	-0.113416
155.701	-0.113267
155.563	-0.113133
155.428	-0.113052
155.293	-0.112935
155.158	-0.112815
155.022	-0.112704
154.888	-0.112589
154.753	-0.112494
154.617	-0.112418
154.478	-0.112379
154.338	-0.112374
154.197	-0.112344
154.055	-0.112376
153.91	-0.112436
153.766	-0.112513
153.624	-0.112599
153.482	-0.112703
153.339	-0.112828
153.197	-0.112956
153.059	-0.113202
152.923	-0.11341
152.787	-0.113653
152.654	-0.113915
152.524	-0.114202
152.397	-0.114505
152.272	-0.114825
152.152	-0.115167
152.035	-0.115518
151.917	-0.11591
151.803	-0.116227
151.692	-0.116536
151.584	-0.116806
151.478	-0.117035
151.372	-0.117206
151.267	-0.117326
151.163	-0.117402
151.058	-0.117433
150.953	-0.117426
150.847	-0.1174
150.742	-0.11738
150.638	-0.117349
150.533	-0.117316
150.429	-0.117296
150.326	-0.117295
150.221	-0.117323
150.116	-0.117376
150.011	-0.117474
149.906	-0.117595
149.799	-0.117776
149.686	-0.117943
149.571	-0.118115
149.456	-0.118279
149.339	-0.118435
149.223	-0.118578
149.105	-0.118735
148.989	-0.118848
148.876	-0.119
148.762	-0.119155
148.649	-0.119326
148.538	-0.11951
148.427	-0.119695
148.318	-0.119884
148.208	-0.120076
148.1	-0.12027
147.99	-0.120447
147.878	-0.120611
147.766	-0.120758
147.653	-0.120859
147.543	-0.120936
147.433	-0.12106
147.326	-0.121045
147.219	-0.12095
147.115	-0.12088
147.015	-0.120771
146.915	-0.120646
146.817	-0.120525
146.719	-0.120403
146.621	-0.12028
146.524	-0.120166
146.429	-0.120037
146.333	-0.119914
146.241	-0.119793
146.151	-0.119679
146.062	-0.119569
145.975	-0.119466
145.889	-0.11934
145.803	-0.119224
145.714	-0.119099
145.626	-0.118957
145.534	-0.118804
145.444	-0.118638
145.351	-0.118488
145.257	-0.118323
145.161	-0.118196
145.058	-0.118118
144.953	-0.118105
144.848	-0.118157
144.739	-0.118307
144.627	-0.1185
144.512	-0.11872
144.394	-0.118931
144.274	-0.119141
144.151	-0.119325
144.027	-0.119508
143.902	-0.11968
143.775	-0.119829
143.647	-0.119961
143.518	-0.120043
143.388	-0.12006
143.255	-0.120003
143.123	-0.119875
142.991	-0.11973
142.86	-0.119498
142.729	-0.119214
142.598	-0.118883
142.464	-0.118497
142.328	-0.11806
142.189	-0.117594
142.051	-0.117101
141.919	-0.11655
141.785	-0.11595
141.649	-0.115288
141.515	-0.114583
141.381	-0.113795
141.253	-0.112946
141.124	-0.112035
140.995	-0.111077
140.866	-0.110061
140.735	-0.108955
140.607	-0.107873
140.478	-0.106734
140.346	-0.105527
140.216	-0.104236
140.085	-0.102852
139.951	-0.101371
139.816	-0.099799
139.68	-0.0981056
139.545	-0.0962911
139.411	-0.0942968
139.278	-0.0921254
139.152	-0.0897598
139.027	-0.0871929
138.903	-0.0843814
138.78	-0.0813217
138.658	-0.0779925
138.535	-0.0744151
138.411	-0.0705625
138.287	-0.0664884
138.161	-0.0621513
138.035	-0.05764
137.909	-0.0529543
137.785	-0.0481216
137.661	-0.0431519
137.539	-0.038068
137.42	-0.0328878
137.302	-0.0276459
137.182	-0.0222642
137.063	-0.0167844
136.946	-0.0112307
136.832	-0.00555475
136.717	0.000220418
136.604	0.0061667
136.496	0.0122677
136.39	0.0185416
136.285	0.0249858
136.18	0.0315882
136.074	0.0383516
135.971	0.0451881
135.87	0.052126
135.774	0.0592456
135.677	0.0663413
135.58	0.0734911
135.483	0.0806911
135.387	0.0879087
135.291	0.0951326
135.194	0.102369
135.097	0.109612
135.001	0.116736
134.905	0.123904
134.807	0.131099
134.71	0.138326
134.615	0.145598
134.52	0.152939
134.423	0.160344
134.327	0.167837
134.228	0.175408
134.128	0.183086
134.025	0.190837
133.92	0.198639
133.813	0.206511
133.707	0.21438
133.603	0.222319
133.5	0.230278
133.393	0.238258
133.282	0.246258
133.171	0.254263
133.061	0.262258
132.952	0.2702
132.843	0.278173
132.733	0.286146
132.623	0.294117
132.514	0.302114
132.404	0.310108
132.294	0.318096
132.182	0.326137
132.07	0.334193
131.956	0.342257
131.84	0.350344
131.724	0.35844
131.609	0.366547
131.495	0.374666
131.379	0.382765
131.262	0.390897
131.143	0.39903
131.023	0.407163
130.899	0.415303
130.773	0.423426
130.647	0.431554
130.519	0.439662
130.391	0.447734
130.262	0.455784
130.132	0.463762
130.002	0.471703
129.874	0.479568
129.744	0.487352
129.613	0.495079
129.479	0.502721
129.342	0.510305
129.205	0.517825
129.065	0.525271
128.925	0.532647
128.783	0.539913
128.64	0.547046
128.491	0.554047
128.337	0.560927
128.18	0.567677
128.022	0.574289
127.858	0.580752
127.694	0.587016
127.528	0.593076
127.361	0.598903
127.196	0.60449
127.031	0.609808
126.866	0.614875
126.701	0.619679
126.536	0.624249
126.37	0.628562
126.205	0.632652
126.041	0.636532
125.876	0.640201
125.712	0.643732
125.549	0.647122
125.385	0.650393
125.221	0.653579
125.058	0.656695
124.894	0.659748
124.73	0.662773
124.564	0.665745
124.4	0.668696
124.237	0.671561
124.075	0.67437
123.912	0.677038
123.751	0.679568
123.591	0.681944
123.431	0.684163
123.274	0.686226
123.115	0.688132
122.956	0.689955
122.801	0.691686
122.644	0.693315
122.487	0.694878
122.332	0.696405
122.175	0.69786
122.018	0.699285
121.861	0.700698
121.704	0.702111
121.548	0.70353
121.392	0.705075
121.237	0.706571
121.081	0.708038
120.925	0.709502
120.768	0.710938
120.612	0.712319
120.455	0.713649
120.297	0.714851
120.139	0.715937
119.98	0.716928
119.822	0.717815
119.665	0.718617
119.509	0.719328
119.354	0.720001
119.199	0.720626
119.044	0.721155
118.889	0.721655
118.733	0.722095
118.574	0.722496
118.415	0.72288
118.254	0.723291
118.092	0.723659
117.93	0.724013
117.766	0.724362
117.603	0.724726
117.439	0.725066
117.275	0.725432
117.114	0.725748
116.953	0.726052
116.793	0.726355
116.635	0.726636
116.48	0.726879
116.326	0.72711
116.173	0.727318
116.023	0.727537
115.874	0.727709
115.726	0.727892
115.58	0.728028
115.433	0.728143
115.286	0.728261
115.137	0.728371
114.988	0.728489
114.837	0.72863
114.686	0.728798
114.535	0.72901
114.384	0.729243
114.232	0.729497
114.082	0.729792
113.931	0.730103
113.78	0.73049
113.63	0.730886
113.479	0.731274
113.327	0.73166
113.175	0.732013
113.019	0.732338
112.865	0.732644
112.709	0.732901
112.552	0.733107
112.394	0.733293
112.237	0.73338
112.081	0.73346
111.925	0.733557
111.769	0.733695
111.613	0.733895
111.459	0.734173
111.306	0.734538
111.152	0.734992
111	0.735508
110.849	0.736076
110.698	0.736682
110.547	0.737302
110.397	0.73793
110.246	0.738564
110.097	0.73914
109.947	0.739679
109.796	0.74016
109.647	0.740643
109.496	0.740997
109.345	0.741272
109.195	0.741435
109.044	0.741542
108.893	0.741599
108.743	0.741634
108.594	0.741655
108.446	0.741722
108.298	0.74182
108.149	0.741932
107.999	0.74205
107.85	0.742178
107.702	0.742306
107.553	0.742425
107.404	0.742506
107.257	0.742566
107.112	0.742585
106.97	0.742557
106.828	0.742544
106.685	0.742521
106.544	0.742482
106.401	0.74241
106.259	0.742312
106.117	0.742179
105.975	0.74201
105.83	0.74183
105.686	0.741631
105.542	0.741436
105.397	0.741241
105.254	0.741057
105.111	0.740939
104.967	0.740851
104.823	0.740748
104.678	0.740719
104.532	0.740685
104.384	0.740669
104.237	0.740684
104.09	0.740697
103.943	0.740778
103.797	0.740871
103.651	0.741004
103.506	0.741167
103.359	0.741357
103.21	0.74156
103.065	0.741754
102.918	0.741976
102.771	0.742156
102.625	0.742298
102.477	0.742437
102.329	0.742556
102.182	0.74266
102.035	0.742758
101.891	0.742885
101.746	0.743012
101.602	0.743159
101.458	0.743303
101.315	0.743452
101.171	0.743599
101.026	0.743751
100.88	0.743879
100.733	0.74406
100.584	0.744236
100.436	0.74439
100.289	0.744512
100.144	0.744595
99.9984	0.744612
99.8513	0.744563
99.7057	0.744475
99.5595	0.744318
99.4128	0.744045
99.2669	0.743797
99.1194	0.743537
98.9723	0.743252
98.8242	0.742984
98.6765	0.742754
98.5295	0.742568
98.385	0.742442
98.2399	0.74236
98.0951	0.742307
97.9493	0.742306
97.8026	0.742337
97.6565	0.742361
97.5111	0.742455
97.366	0.742532
97.2214	0.742587
97.0759	0.742606
96.931	0.742583
96.7859	0.742467
96.6417	0.742351
96.4971	0.742165
96.3519	0.741965
96.2063	0.741751
96.0587	0.741563
95.9128	0.741407
95.7675	0.741294
95.6203	0.741229
95.4753	0.741261
95.3302	0.741331
95.1828	0.741447
95.0349	0.741528
94.8869	0.741687
94.7361	0.741868
94.5855	0.742066
94.433	0.742249
94.279	0.742412
94.1254	0.742553
93.9721	0.74267
93.8187	0.742705
93.6656	0.742701
93.513	0.742677
93.3608	0.742641
93.2098	0.742598
93.0593	0.742553
92.9094	0.742531
92.7597	0.742504
92.6085	0.742506
92.459	0.74254
92.3107	0.742596
92.1622	0.742661
92.0136	0.742725
91.8659	0.742792
91.7165	0.742861
91.5671	0.742924
91.4204	0.742946
91.272	0.742994
91.1241	0.743039
90.9769	0.74305
90.8299	0.743042
90.6842	0.743022
90.5393	0.742995
90.3955	0.742946
90.2529	0.742883
90.1109	0.74286
89.9704	0.742806
89.83	0.742794
89.6902	0.742778
89.5508	0.742765
89.4114	0.742754
89.2701	0.742739
89.1259	0.742726
88.9819	0.742709
88.839	0.742697
88.694	0.742688
88.5491	0.742706
88.406	0.742747
88.2637	0.74277
88.1226	0.742851
87.9811	0.74294
87.8408	0.743049
87.6995	0.743168
87.558	0.743235
87.4138	0.74332
87.2703	0.74335
87.1268	0.743363
86.984	0.743347
86.8418	0.743312
86.6989	0.743261
86.5542	0.743197
86.4101	0.743132
86.2657	0.743101
86.1229	0.743065
85.9791	0.743044
85.8345	0.743058
85.6895	0.743114
85.5443	0.743199
85.3992	0.743339
85.2548	0.743513
85.1107	0.743703
84.9652	0.743886
84.8199	0.744163
84.6749	0.744374
84.5304	0.744543
84.3855	0.744667
84.242	0.744724
84.099	0.744723
83.9564	0.74468
83.815	0.744532
83.6723	0.744383
83.5312	0.744231
83.3905	0.744066
83.2484	0.743906
83.1063	0.743776
82.966	0.743678
82.8266	0.743619
82.6864	0.743603
82.5458	0.743632
82.4051	0.743699
82.2641	0.743823
82.1224	0.74392
81.9801	0.744044
81.8384	0.744161
81.6965	0.74426
81.5543	0.744321
81.4129	0.744347
81.2704	0.744293
81.1264	0.744237
80.9845	0.744101
80.8436	0.743953
80.7013	0.743779
80.5613	0.74361
80.421	0.74345
80.2814	0.743308
80.1411	0.743207
80.0001	0.743143
79.858	0.743127
79.717	0.743156
79.5753	0.743219
79.4332	0.743311
79.2899	0.74341
79.1464	0.743516
79.0027	0.743609
78.8573	0.743679
78.7112	0.743739
78.5659	0.743727
78.42	0.743735
78.2734	0.74372
78.1259	0.743698
77.9804	0.743676
77.8357	0.743629
77.6918	0.743595
77.5484	0.743562
77.4046	0.743537
77.2619	0.743537
77.1199	0.743584
76.9777	0.743599
76.8346	0.743629
76.6936	0.743682
76.5506	0.743736
76.407	0.7438
76.265	0.743849
76.1223	0.743901
75.9786	0.74391
75.836	0.743883
75.691	0.743835
75.5462	0.743774
75.4013	0.743722
75.2566	0.743665
75.1129	0.74361
74.9692	0.743557
74.8262	0.743501
74.6828	0.743457
74.539	0.743396
74.3945	0.743299
74.2496	0.743187
74.1066	0.743062
73.964	0.742943
73.82	0.742809
73.6773	0.742675
73.5355	0.74252
73.3944	0.742394
73.2533	0.742333
73.1123	0.742238
72.9716	0.742153
72.8301	0.742084
72.6873	0.742023
72.5472	0.741976
72.4064	0.741934
72.2638	0.7419
72.121	0.741856
71.9795	0.741772
71.838	0.741663
71.697	0.74156
71.5561	0.741432
71.4158	0.741287
71.2755	0.741133
71.1369	0.740955
70.9972	0.740768
70.855	0.740573
70.7143	0.740369
70.5731	0.740179
70.4314	0.740021
70.2876	0.739905
70.1422	0.73986
69.994	0.739859
69.8456	0.739891
69.6966	0.73993
69.5479	0.740027
69.4006	0.740108
69.2532	0.740183
69.1055	0.740245
68.957	0.740273
68.8094	0.740266
68.6609	0.740227
68.5124	0.740145
68.3644	0.740034
68.2166	0.739891
68.0694	0.73973
67.9222	0.739601
67.7753	0.739473
67.628	0.739354
67.4821	0.739255
67.3366	0.739188
67.1894	0.739134
67.0414	0.73912
66.8914	0.739162
66.7396	0.739179
66.5873	0.739197
66.4354	0.739243
66.2835	0.739285
66.1314	0.7393
65.9809	0.739285
65.8303	0.739239
65.6807	0.739127
65.5333	0.738985
65.3835	0.738795
65.2371	0.738547
65.0921	0.738281
64.9474	0.737992
64.804	0.737706
64.6608	0.737433
64.517	0.73721
64.3724	0.737043
64.2278	0.73693
64.0833	0.736912
63.9385	0.736936
63.7936	0.737
63.6487	0.737075
63.5051	0.737163
63.3635	0.737274
63.2194	0.737364
63.0746	0.737454
62.9306	0.737531
62.7861	0.737581
62.6407	0.737613
62.4939	0.737659
62.3466	0.737696
62.1983	0.737706
62.0492	0.737709
61.9006	0.737703
61.7543	0.737689
61.6057	0.737684
61.457	0.737726
61.3105	0.737791
61.1618	0.737885
61.0133	0.73799
60.8655	0.738108
60.7167	0.73823
60.5677	0.738352
60.4188	0.73847
60.2715	0.738575
60.1246	0.73866
59.9783	0.738735
59.8342	0.738818
59.6903	0.738878
59.548	0.738921
59.4072	0.738938
59.2684	0.738924
59.1318	0.738885
58.9972	0.738829
58.863	0.738722
58.7302	0.73858
58.5982	0.738436
58.4649	0.738278
58.3326	0.738099
58.2019	0.737912
58.071	0.737709
57.9393	0.73753
57.8085	0.737344
57.6793	0.737156
57.5505	0.73697
57.4219	0.736802
57.2935	0.736598
57.1673	0.73643
57.0419	0.73626
56.9172	0.736088
56.7922	0.735918
56.6681	0.735744
56.5463	0.735563
56.4248	0.735424
56.3037	0.735277
56.1835	0.735124
56.0635	0.734974
55.9433	0.73482
55.8224	0.734687
55.7016	0.734583
55.5814	0.734492
55.4618	0.734445
55.3431	0.734457
55.2247	0.73452
55.1081	0.734632
54.9905	0.734806
54.8732	0.734998
54.7568	0.73521
54.6418	0.735451
54.5275	0.735702
54.4146	0.735956
54.3032	0.736211
54.1932	0.736434
54.0843	0.73664
53.9758	0.736832
53.869	0.736995
53.7627	0.737135
53.6568	0.737283
53.5497	0.737408
53.4458	0.737489
53.3425	0.737573
53.2399	0.737682
53.1381	0.737774
53.0383	0.737892
52.9408	0.738081
52.8449	0.738296
52.7512	0.738495
52.6584	0.738677
52.5684	0.738804
52.4788	0.738871
52.3914	0.738882
52.3053	0.738815
52.2185	0.738691
52.135	0.738504
52.0506	0.738255
51.9669	0.73794
51.8834	0.737582
51.8011	0.737218
51.7188	0.736768
51.6355	0.736292
51.5523	0.735819
51.4687	0.735375
51.3853	0.734956
51.3005	0.734609
51.216	0.734313
51.1305	0.734043
51.0461	0.733815
50.9611	0.733615
50.8762	0.733459
50.7927	0.733321
50.7095	0.733193
50.6251	0.733093
50.5437	0.732999
50.4622	0.732913
50.3805	0.732856
50.2986	0.732795
50.2179	0.732722
50.1377	0.732623
50.0561	0.732512
49.9751	0.732393
49.8963	0.732268
49.8173	0.732194
49.7365	0.732114
49.6583	0.732039
49.5791	0.731966
49.5009	0.7319
49.4224	0.731844
49.3439	0.731791
49.2666	0.731754
49.1911	0.731732
49.115	0.73174
49.0393	0.731779
48.9634	0.731843
48.8881	0.731947
48.8117	0.732078
48.7368	0.732242
48.6616	0.73242
48.5873	0.73263
48.5119	0.732864
48.4375	0.733099
48.364	0.733379
48.2913	0.733645
48.2188	0.733909
48.1475	0.734191
48.0764	0.734464
48.0054	0.734701
47.9355	0.734953
47.8659	0.735163
47.7974	0.735351
47.7296	0.735526
47.6626	0.735675
47.5963	0.735818
47.5304	0.735968
47.4662	0.736113
47.4011	0.736249
47.3372	0.736377
47.2725	0.736487
47.2083	0.736569
47.1433	0.736621
47.0776	0.736641
47.0123	0.736656
46.9469	0.736657
46.8825	0.736603
46.8161	0.736496
46.7497	0.736351
46.6835	0.736135
46.6173	0.735913
46.5516	0.735667
46.4863	0.735386
46.4226	0.735075
46.3596	0.734747
46.2971	0.734398
46.235	0.73404
46.1734	0.733664
46.1125	0.733278
46.0515	0.732893
45.9911	0.732506
45.9319	0.732097
45.8734	0.731686
45.8151	0.731304
45.7571	0.730908
45.6998	0.730495
45.6436	0.730051
45.5879	0.72961
45.532	0.729111
45.4752	0.728621
45.4195	0.728139
45.3634	0.72773
45.3088	0.727441
45.2546	0.727268
45.2017	0.727222
45.1495	0.727331
45.0975	0.727558
45.0474	0.727873
44.9976	0.728261
44.9471	0.728692
44.8989	0.729136
44.8523	0.729546
44.8034	0.730002
44.7577	0.730433
44.7123	0.730832
44.6678	0.731166
44.6237	0.731448
44.5784	0.731642
44.5317	0.73177
44.487	0.731858
44.4437	0.73186
44.4026	0.731856
44.3622	0.731822
44.3242	0.731799
44.285	0.73179
44.2467	0.731798
44.2097	0.731834
44.1741	0.731891
44.1368	0.731954
44.099	0.732034
44.0615	0.732133
44.0243	0.732267
43.9851	0.732397
43.9474	0.732507
43.9098	0.732603
43.8701	0.732625
43.83	0.732636
43.7896	0.732618
43.7479	0.73259
43.7055	0.732541
43.6647	0.732479
43.6223	0.732419
43.5793	0.732336
43.536	0.73224
43.4925	0.732109
43.4493	0.731953
43.4062	0.731779
43.3637	0.731571
43.3217	0.73136
43.2797	0.731137
43.2374	0.730922
43.196	0.730693
43.155	0.730454
43.1145	0.73023
43.0742	0.729966
43.0342	0.729692
42.9946	0.729417
42.9549	0.729139
42.9156	0.728878
42.8756	0.728645
42.8363	0.728424
42.7963	0.728218
42.757	0.728059
42.7182	0.72792
42.68	0.727832
42.6412	0.72777
42.6019	0.727785
42.5639	0.727804
42.5256	0.72784
42.4889	0.727885
42.4521	0.727949
42.414	0.727996
42.3769	0.728048
42.3405	0.728102
42.3064	0.728145
42.2727	0.728159
42.2387	0.728159
42.205	0.728163
42.1716	0.728157
42.1386	0.728177
42.1054	0.728189
42.0734	0.728202
42.0414	0.728243
42.009	0.72831
41.9771	0.728409
41.9441	0.728543
41.9108	0.728703
41.8781	0.72891
41.8444	0.729148
41.8121	0.729392
41.7799	0.729668
41.7483	0.729954
41.7179	0.730234
41.6885	0.730496
41.6592	0.730771
41.6296	0.731025
41.5993	0.731278
41.5692	0.731488
41.5393	0.731693
41.5105	0.731866
41.4815	0.732049
41.4526	0.732191
41.4235	0.732265
41.3955	0.732283
41.3669	0.732244
41.3389	0.732109
41.3099	0.731916
41.2826	0.731688
41.2544	0.731438
41.227	0.73119
41.2008	0.730947
41.1748	0.730717
41.1477	0.730493
41.1225	0.73028
41.0974	0.730069
41.0707	0.729875
41.0467	0.729685
41.0227	0.729493
40.9997	0.729317
40.9774	0.729153
40.9563	0.729044
40.936	0.728916
40.9145	0.728793
40.8948	0.72865
40.8752	0.728486
40.8566	0.728305
40.8384	0.72809
40.8202	0.72785
40.8013	0.727593
40.7825	0.72732
40.764	0.727034
40.7448	0.72674
40.7245	0.726454
40.7037	0.726179
40.682	0.725915
40.6602	0.725686
40.6387	0.725489
40.6163	0.725333
40.5943	0.725218
40.5722	0.725168
40.5505	0.725137
40.5296	0.725139
40.5077	0.72518
40.4871	0.725253
40.4654	0.725387
40.4446	0.725556
40.4266	0.725746
40.4065	0.725962
40.3858	0.726173
40.3649	0.726381
40.3439	0.726584
40.3232	0.726776
40.301	0.726965
40.2795	0.727148
40.2571	0.727326
40.2341	0.727506
40.2101	0.72768
40.1859	0.727847
40.1607	0.728006
40.1367	0.728158
40.1128	0.728285
40.0901	0.72839
40.0662	0.728463
40.0431	0.728533
40.0185	0.728619
39.9945	0.728696
39.9692	0.728706
39.9445	0.72871
39.9204	0.728727
39.8963	0.728751
39.8729	0.728777
39.8486	0.728827
39.8247	0.728875
39.8013	0.728922
39.7775	0.72896
39.7533	0.72899
39.7281	0.729015
39.7018	0.72903
39.6763	0.729029
39.6512	0.729005
39.6244	0.728966
39.5988	0.72891
39.5735	0.728826
39.5472	0.728708
39.5201	0.72855
39.4928	0.728348
39.4663	0.728113
39.4406	0.727846
39.4134	0.727533
39.3884	0.727224
39.3642	0.726873
39.3395	0.726527
39.3162	0.726191
39.2927	0.725888
39.2689	0.725611
39.2445	0.72537
39.2201	0.725166
39.1974	0.724998
39.1735	0.724859
39.1495	0.724762
39.1258	0.7247
39.1022	0.724689
39.0788	0.724699
39.0563	0.724761
39.0335	0.724853
39.0112	0.724959
38.9893	0.72508
38.9661	0.725201
38.9428	0.725319
38.9219	0.725419
38.9011	0.725506
38.88	0.725581
38.8608	0.725639
38.8408	0.725693
38.8216	0.72574
38.7993	0.725809
38.7764	0.72588
38.7537	0.725957
38.7334	0.726034
38.7142	0.726098
38.6916	0.726156
38.6697	0.72622
38.6493	0.726276
38.6266	0.726328
38.6032	0.726369
38.579	0.726401
38.554	0.726433
38.5304	0.726542
38.5058	0.726568
38.4819	0.726604
38.4586	0.726638
38.4349	0.726687
38.4115	0.726747
38.3891	0.726824
38.3641	0.726921
38.3406	0.727015
38.3179	0.727117
38.298	0.727207
38.2769	0.72728
38.2544	0.727314
38.2307	0.727344
38.2067	0.727359
38.184	0.727377
38.161	0.727373
38.1387	0.727342
38.1156	0.727301
38.0929	0.727269
38.0699	0.72723
38.0458	0.727194
38.0242	0.727159
38.0019	0.727122
37.9799	0.727094
37.9608	0.727064
37.9399	0.727029
37.9187	0.727005
37.8988	0.726973
37.8782	0.726946
37.8593	0.726923
37.8423	0.726897
37.8225	0.726889
37.8017	0.726889
37.7812	0.726908
37.7611	0.726949
37.742	0.726995
37.7251	0.72701
37.7047	0.727049
37.6845	0.727114
37.6637	0.727211
37.6427	0.727276
37.6214	0.727317
37.5999	0.727311
37.5791	0.727274
37.5585	0.727218
37.5418	0.727124
37.5222	0.727005
37.502	0.726865
37.4808	0.726697
37.4628	0.726517
37.4447	0.726315
37.4237	0.72612
37.4026	0.725925
37.3813	0.725736
37.3619	0.725554
37.3411	0.725387
37.3191	0.725243
37.2983	0.725121
37.2786	0.725014
37.2577	0.724922
37.2371	0.724855
37.2163	0.724799
37.1989	0.724762
37.1827	0.724736
37.1652	0.724732
37.1471	0.724773
37.1284	0.724813
37.1119	0.724865
37.0921	0.7249
37.0747	0.724961
37.0599	0.725017
37.0454	0.725087
37.0307	0.725159
37.0179	0.725213
37.0038	0.725272
36.9906	0.725305
36.9775	0.72532
36.9632	0.725335
36.9504	0.725339
36.9374	0.725342
36.9253	0.725338
36.9144	0.725334
36.9014	0.725326
36.8885	0.72531
36.8741	0.725301
36.86	0.725292
36.8482	0.725276
36.8372	0.725233
36.828	0.725186
36.817	0.725134
36.8062	0.72508
36.7935	0.725025
36.7823	0.724965
36.7717	0.724858
36.7607	0.724842
36.7509	0.724834
36.7388	0.724814
36.7287	0.724826
36.7182	0.724863
36.7062	0.724861
36.6962	0.724973
36.687	0.725082
36.6769	0.725211
36.6675	0.725333
36.6562	0.725442
36.6449	0.725541
36.6364	0.725622
36.6303	0.725689
36.6225	0.725727
36.6147	0.725748
36.6071	0.725763
36.5958	0.725766
36.5882	0.725772
36.58	0.725761
36.5721	0.72573
36.5638	0.725699
36.5546	0.725648
36.5476	0.725585
36.5392	0.725499
36.5301	0.725404
36.5177	0.725308
36.5082	0.725205
36.4996	0.725019
36.4911	0.724939
36.4806	0.724859
36.4688	0.724808
36.4605	0.724706
36.4537	0.724661
36.4451	0.724642
36.4373	0.724646
36.4319	0.724686
36.426	0.724744
36.4191	0.724828
36.4112	0.724928
36.4049	0.725018
36.3979	0.725108
36.3911	0.725194
36.3848	0.725235
36.378	0.725241
36.3726	0.72521
36.3645	0.72516
36.3571	0.725086
36.3496	0.724998
36.3422	0.724902
36.3334	0.724774
36.3253	0.72465
36.3157	0.724508
36.3072	0.724361
36.2972	0.724214
36.2876	0.72406
36.2776	0.723951
36.2674	0.723838
36.259	0.723738
36.2503	0.72365
36.2423	0.723591
36.2344	0.723557
36.2264	0.72353
36.2202	0.72348
36.2125	0.723487
36.2049	0.723506
36.1983	0.72355
36.1909	0.723616
36.1842	0.723705
36.1775	0.723814
36.1709	0.723925
36.1643	0.724002
36.1576	0.724068
36.1499	0.724122
36.1428	0.72418
36.1347	0.724212
36.1274	0.724215
36.1199	0.724192
36.1111	0.724145
36.1025	0.724087
36.0943	0.724012
36.0854	0.723929
36.0766	0.723844
36.0686	0.723746
36.0609	0.723657
36.0533	0.723561
36.0446	0.723473
36.0372	0.723386
36.0285	0.723301
36.0205	0.723228
36.0123	0.723156
36.0042	0.723092
35.9963	0.723048
35.9882	0.723023
35.9803	0.723022
35.973	0.723067
35.9663	0.723141
35.9611	0.723272
35.9546	0.723453
35.9488	0.72371
35.9436	0.723916
35.939	0.724133
35.9338	0.724396
35.9291	0.72464
35.9251	0.724866
35.9196	0.725056
35.9152	0.725205
35.9114	0.725335
35.9062	0.725431
35.9037	0.725505
35.9005	0.725563
35.896	0.7256
35.8931	0.725621
35.8909	0.725627
35.89	0.725617
35.8885	0.725609
35.8891	0.725588
35.8895	0.725559
35.8908	0.725514
35.8929	0.725469
35.8949	0.725419
35.8988	0.725357
35.9032	0.725298
35.9083	0.725221
35.9155	0.725146
35.9229	0.725074
35.9299	0.724984
35.9397	0.724904
35.95	0.724884
35.9616	0.724753
35.9743	0.724617
35.9882	0.724454
36.0021	0.724331
36.0182	0.724149
36.0348	0.72394
36.0519	0.723698
36.0711	0.723425
36.0894	0.723124
36.1088	0.72281
36.13	0.722481
36.1526	0.722156
36.1763	0.721835
36.2024	0.721522
36.2297	0.721238
36.2558	0.720975
36.2843	0.72075
36.3141	0.720556
36.3454	0.720412
36.3783	0.720311
36.4125	0.720245
36.4501	0.720241
36.4883	0.720279
36.5284	0.720379
36.5709	0.720519
36.6155	0.720695
36.6614	0.720901
36.7087	0.721097
36.7575	0.721307
36.8071	0.721519
36.8579	0.721734
36.9099	0.721924
36.9635	0.722095
37.0175	0.722252
37.0735	0.722425
37.1325	0.722545
37.1935	0.722633
37.2569	0.722688
37.32	0.722705
37.3854	0.722688
37.4539	0.722652
37.5224	0.722611
37.5928	0.722613
37.6628	0.72268
37.7366	0.722807
37.8109	0.722998
37.8861	0.723254
37.9623	0.723554
38.0415	0.723887
38.1216	0.724276
38.2026	0.72466
38.2861	0.725044
38.3712	0.725423
38.4576	0.725788
38.5435	0.726144
38.6304	0.726481
38.7192	0.726801
38.8089	0.727099
38.8991	0.727378
38.9885	0.727632
39.0786	0.727858
39.1681	0.728047
39.2571	0.728213
39.3475	0.728337
39.4383	0.728425
39.5307	0.728477
39.6245	0.728467
39.7181	0.72842
39.8141	0.728319
39.9109	0.728162
40.0078	0.72797
40.1056	0.727742
40.2048	0.727498
40.3031	0.727248
40.4034	0.726999
40.5029	0.72676
40.6038	0.726532
40.7053	0.726323
40.8081	0.726107
40.9111	0.725914
41.0145	0.72574
41.1199	0.725559
41.2248	0.725379
41.3322	0.725205
41.4397	0.725031
41.5474	0.724858
41.6541	0.724678
41.7614	0.724494
41.8682	0.7243
41.9748	0.724108
42.0828	0.723905
42.1902	0.723687
42.2974	0.723473
42.405	0.723243
42.5137	0.723018
42.6217	0.722788
42.7303	0.722577
42.8379	0.722428
42.9451	0.722328
43.052	0.722358
43.1585	0.722461
43.2654	0.722653
43.3715	0.722934
43.4784	0.723301
43.5855	0.723714
43.6933	0.724164
43.8002	0.724627
43.9077	0.725084
44.0156	0.725533
44.1242	0.725954
44.2318	0.726345
44.3377	0.726711
44.4413	0.727035
44.5479	0.727325
44.6516	0.727572
44.7531	0.727777
44.8553	0.727933
44.9559	0.728058
45.0576	0.728125
45.1571	0.728159
45.2555	0.728162
45.3538	0.728113
45.4516	0.728033
45.5491	0.727911
45.6464	0.727753
45.7438	0.727584
45.8406	0.727401
45.9377	0.727231
46.0344	0.727069
46.1334	0.726903
46.2321	0.726743
46.33	0.726596
46.4294	0.726455
46.529	0.726317
46.6307	0.726197
46.7328	0.726108
46.8368	0.726075
46.9403	0.726106
47.0438	0.726205
47.1458	0.726379
47.2476	0.726594
47.3493	0.726844
47.4513	0.727069
47.5525	0.727265
47.654	0.727436
47.7552	0.727581
47.856	0.727686
47.9552	0.727768
48.056	0.727828
48.1555	0.727835
48.2559	0.727866
48.3564	0.727884
48.4576	0.727897
48.5583	0.727917
48.6583	0.727927
48.7579	0.727936
48.8576	0.727929
48.9573	0.727911
49.057	0.727806
49.158	0.727755
49.2575	0.727701
49.3584	0.727673
49.4597	0.727618
49.5616	0.727626
49.6642	0.727631
49.7672	0.727629
49.8701	0.727629
49.9731	0.727609
50.0756	0.72757
50.1775	0.727502
50.2796	0.727419
50.3795	0.7273
50.4817	0.727161
50.5819	0.726978
50.683	0.72676
50.7837	0.726512
50.8847	0.726231
50.9867	0.725932
51.0868	0.725645
51.186	0.725355
51.2841	0.72508
51.3833	0.724856
51.4826	0.724701
51.5824	0.724619
51.6814	0.724618
51.7795	0.724709
51.8804	0.7249
51.9828	0.725181
52.084	0.725551
52.187	0.725984
52.2922	0.72648
52.3979	0.726881
52.5052	0.727399
52.6128	0.727955
52.7205	0.728534
52.8298	0.72913
52.9404	0.729764
53.0518	0.730347
53.1627	0.730848
53.2733	0.73119
53.3847	0.731387
53.497	0.73141
53.6086	0.731271
53.7199	0.730973
53.8304	0.730564
53.9407	0.730068
54.0516	0.72953
54.1633	0.728982
54.2753	0.728429
54.3874	0.727899
54.4992	0.727391
54.6109	0.726901
54.7239	0.726461
54.8372	0.726069
54.9518	0.725758
55.0655	0.725537
55.1819	0.725403
55.2967	0.725352
55.4103	0.725398
55.5257	0.725517
55.6395	0.725706
55.754	0.725959
55.8689	0.726261
55.9842	0.726593
56.1002	0.726994
56.2159	0.727369
56.3308	0.727765
56.4441	0.728158
56.5579	0.728567
56.6711	0.728979
56.7846	0.729383
56.8953	0.729789
57.0075	0.730196
57.1193	0.730607
57.2317	0.731018
57.3455	0.731408
57.459	0.731764
57.5734	0.732128
57.6875	0.732374
57.8014	0.732554
57.9157	0.73267
58.0295	0.732718
58.1442	0.732705
58.2599	0.732626
58.3768	0.732464
58.4942	0.732232
58.6131	0.731946
58.732	0.731616
58.8526	0.731238
58.9728	0.730838
59.0926	0.730394
59.2115	0.729946
59.3303	0.729493
59.4502	0.729023
59.5718	0.728562
59.6933	0.728103
59.8156	0.727662
59.9368	0.72724
60.0583	0.726954
60.1805	0.726661
60.3035	0.726463
60.4252	0.726301
60.5472	0.726287
60.669	0.726317
60.791	0.726433
60.911	0.726622
61.0306	0.72688
61.1507	0.727196
61.2705	0.727553
61.3911	0.727937
61.5107	0.728334
61.6301	0.728744
61.7485	0.729144
61.8668	0.729548
61.9853	0.729944
62.1034	0.730316
62.2215	0.730705
62.3394	0.731079
62.4581	0.731451
62.576	0.731812
62.6966	0.73216
62.8175	0.732473
62.939	0.732734
63.0609	0.732944
63.1829	0.733095
63.3052	0.733183
63.4285	0.733204
63.5519	0.73316
63.6763	0.733055
63.8009	0.732907
63.9265	0.732733
64.0508	0.7327
64.1778	0.732579
64.3067	0.732442
64.4345	0.732314
64.5649	0.73217
64.6953	0.73197
64.8273	0.731754
64.9568	0.731548
65.0864	0.731381
65.2174	0.731268
65.3495	0.731231
65.4826	0.731255
65.6166	0.731343
65.7507	0.731475
65.8856	0.731645
66.022	0.731829
66.1576	0.732009
66.2937	0.732186
66.4288	0.732338
66.5636	0.732467
66.6983	0.732576
66.8323	0.732649
66.9647	0.732679
67.0962	0.732638
67.2267	0.732548
67.3579	0.732416
67.4879	0.732271
67.6186	0.732128
67.7486	0.73205
67.8772	0.731913
68.0062	0.731826
68.1366	0.731782
68.2649	0.731797
68.3937	0.731846
68.5233	0.731996
68.654	0.732162
68.7854	0.732327
68.917	0.732488
69.0489	0.732662
69.1827	0.73284
69.3159	0.73301
69.451	0.73318
69.5852	0.733351
69.7199	0.733493
69.8545	0.733585
69.9889	0.733609
70.1245	0.733507
70.2598	0.733399
70.3959	0.733232
70.5335	0.733015
70.6709	0.732764
70.8084	0.732498
70.9468	0.732223
71.0851	0.73196
71.2236	0.731706
71.3607	0.731477
71.4995	0.731276
71.6382	0.731112
71.7774	0.73099
71.9163	0.730865
72.0554	0.730906
72.1942	0.731031
72.3325	0.731264
72.4703	0.731585
72.6057	0.731989
72.7403	0.732476
72.8724	0.733018
73.0041	0.733554
73.1367	0.734069
73.2686	0.73451
73.4008	0.734903
73.5328	0.735167
73.6647	0.735344
73.7976	0.735435
73.9309	0.735469
74.063	0.735442
74.1945	0.735383
74.3253	0.735308
74.4556	0.735235
74.5851	0.735173
74.7157	0.735131
74.8468	0.735111
74.9799	0.735099
75.1125	0.735102
75.246	0.735132
75.3791	0.735148
75.5134	0.735163
75.6468	0.735169
75.7802	0.735152
75.9135	0.735115
76.0474	0.735064
76.1801	0.734979
76.3137	0.734882
76.4473	0.734774
76.5804	0.734658
76.7119	0.734506
76.8419	0.734345
76.9726	0.73417
77.1031	0.733984
77.2345	0.733768
77.3663	0.733514
77.499	0.733239
77.6315	0.732958
77.765	0.73265
77.8997	0.732372
78.035	0.732137
78.1672	0.73198
78.3016	0.731901
78.4332	0.731894
78.5628	0.731959
78.6933	0.732085
78.8227	0.732278
78.9517	0.732521
79.0799	0.732819
79.2083	0.733153
79.3356	0.733524
79.4626	0.733923
79.589	0.734351
79.7148	0.734805
79.8413	0.735276
79.968	0.735765
80.0939	0.73624
80.2203	0.736781
80.3461	0.737343
80.47	0.737893
80.596	0.738444
80.7215	0.738955
80.8467	0.73941
80.9736	0.739726
81.1017	0.740028
81.2321	0.740188
81.3617	0.740213
81.4936	0.740097
81.6256	0.73983
81.7592	0.73943
81.8916	0.738941
82.0252	0.738402
82.1608	0.737818
82.2963	0.737213
82.4321	0.7366
82.5692	0.735996
82.7077	0.7354
82.8467	0.734812
82.984	0.734279
83.1225	0.733823
83.2603	0.73349
83.3979	0.733293
83.5351	0.73323
83.6712	0.733305
83.8068	0.733507
83.9435	0.733808
84.0793	0.734209
84.2151	0.734648
84.3515	0.735151
84.4882	0.735695
84.624	0.736254
84.7599	0.73687
84.8956	0.737452
85.0321	0.737994
85.1667	0.738545
85.3013	0.738928
85.4343	0.73922
85.568	0.739405
85.7008	0.739482
85.8324	0.739478
85.964	0.739397
86.0963	0.739262
86.2281	0.739099
86.3602	0.738934
86.4927	0.738776
86.6277	0.738643
86.7637	0.738547
86.8997	0.738453
87.0384	0.738402
87.1774	0.738364
87.3164	0.73833
87.4562	0.738294
87.5962	0.738236
87.7349	0.73817
87.8738	0.738074
88.0127	0.737962
88.1523	0.737827
88.293	0.737678
88.4361	0.737533
88.5811	0.737402
88.7239	0.737289
88.8672	0.737189
89.0109	0.737109
89.1541	0.737056
89.2944	0.737008
89.4341	0.736967
89.5723	0.736941
89.7105	0.736893
89.848	0.736844
89.9822	0.73678
90.1148	0.736741
90.2484	0.736751
90.3827	0.736819
90.5169	0.736946
90.6521	0.737144
90.7873	0.737412
90.9222	0.737723
91.0589	0.738081
91.1939	0.738478
91.3287	0.738891
91.4629	0.739288
91.5974	0.73965
91.7294	0.739972
91.8619	0.740244
91.9933	0.740474
92.1239	0.740657
92.2542	0.740791
92.3829	0.740863
92.5142	0.740961
92.6463	0.74105
92.7791	0.741144
92.9124	0.741233
93.046	0.741292
93.1806	0.741329
93.3148	0.741348
93.448	0.741329
93.5819	0.74129
93.7158	0.741148
93.8503	0.74095
93.9836	0.740695
94.1188	0.740359
94.255	0.739967
94.3919	0.739526
94.5286	0.739077
94.6646	0.738631
94.801	0.738215
94.9358	0.737848
95.0691	0.737554
95.2011	0.737331
95.3328	0.737182
95.4622	0.737122
95.5935	0.73716
95.7247	0.737293
95.8566	0.737515
95.9906	0.737811
96.1269	0.73817
96.2619	0.738575
96.3966	0.739055
96.5301	0.739536
96.6649	0.740063
96.7979	0.740592
96.9306	0.741091
97.0641	0.741564
97.1959	0.741961
97.3268	0.742323
97.4563	0.742646
97.5838	0.742907
97.7123	0.743135
97.8418	0.743295
97.9707	0.743381
98.0998	0.743388
98.2287	0.743282
98.3568	0.74313
98.4846	0.742924
98.6131	0.742686
98.7437	0.742406
98.8747	0.742105
99.0074	0.741798
99.1398	0.741505
99.2741	0.741211
99.4091	0.740908
99.5428	0.740609
99.6774	0.740314
99.8122	0.740023
99.9488	0.739755
100.086	0.739521
100.222	0.739322
100.357	0.739185
100.491	0.739082
100.627	0.739037
100.764	0.739042
100.9	0.739112
101.036	0.739265
101.171	0.739484
101.307	0.73976
101.442	0.740079
101.578	0.74043
101.715	0.740798
101.853	0.741147
101.99	0.741495
102.129	0.74179
102.266	0.742082
102.403	0.742365
102.538	0.742628
102.674	0.742903
102.807	0.743185
102.94	0.743481
103.071	0.743799
103.202	0.744131
103.334	0.744472
103.466	0.744809
103.6	0.745092
103.734	0.745315
103.868	0.745463
104.004	0.745533
104.138	0.745527
104.274	0.745465
104.411	0.745334
104.548	0.745153
104.687	0.7449
104.826	0.744615
104.966	0.744299
105.109	0.743955
105.253	0.743597
105.396	0.743223
105.54	0.74286
105.682	0.742503
105.824	0.742168
105.967	0.741785
106.11	0.741382
106.249	0.740954
106.39	0.740512
106.531	0.740094
106.672	0.739715
106.812	0.739405
106.954	0.739211
107.097	0.739137
107.239	0.739181
107.383	0.739351
107.527	0.739621
107.674	0.739998
107.82	0.740448
107.966	0.740937
108.111	0.741451
108.257	0.741974
108.401	0.74249
108.546	0.743004
108.69	0.743493
108.833	0.743958
108.974	0.744392
109.112	0.744776
109.249	0.745095
109.384	0.745339
109.52	0.74551
109.657	0.745612
109.795	0.745648
109.936	0.745624
110.077	0.745516
110.221	0.74538
110.364	0.745145
110.507	0.744836
110.653	0.744467
110.797	0.744043
110.942	0.743599
111.087	0.743104
111.23	0.742578
111.373	0.742033
111.516	0.741502
111.659	0.741003
111.802	0.740577
111.944	0.740257
112.086	0.740041
112.227	0.739942
112.368	0.739954
112.508	0.740055
112.649	0.740259
112.79	0.740542
112.932	0.74088
113.073	0.741271
113.216	0.741693
113.359	0.74216
113.503	0.742709
113.648	0.743272
113.794	0.74387
113.937	0.744484
114.083	0.745093
114.227	0.745654
114.371	0.746184
114.515	0.746666
114.658	0.747068
114.802	0.74742
114.943	0.747661
115.083	0.747775
115.223	0.747754
115.362	0.747614
115.501	0.747359
115.64	0.747005
115.779	0.746582
115.918	0.746132
116.059	0.74564
116.201	0.745177
116.345	0.744719
116.489	0.744251
116.632	0.743798
116.776	0.743348
116.919	0.742891
117.063	0.742498
117.205	0.74216
117.348	0.741887
117.491	0.741689
117.633	0.741568
117.774	0.74153
117.913	0.741559
118.052	0.741677
118.189	0.741867
118.325	0.742114
118.463	0.7424
118.599	0.742749
118.734	0.74312
118.87	0.743505
119.006	0.743891
119.142	0.744264
119.279	0.744619
119.417	0.744955
119.557	0.745275
119.699	0.745559
119.842	0.745809
119.985	0.746042
120.126	0.746236
120.266	0.746415
120.404	0.746571
120.542	0.74671
120.681	0.746817
120.818	0.746874
120.957	0.746852
121.095	0.746725
121.232	0.746497
121.37	0.746186
121.508	0.74578
121.645	0.745309
121.783	0.74478
121.921	0.744234
122.058	0.743731
122.194	0.743307
122.329	0.742977
122.465	0.742746
122.6	0.74261
122.735	0.742583
122.869	0.742638
123.005	0.742774
123.141	0.742962
123.278	0.743175
123.415	0.743397
123.554	0.743589
123.691	0.743791
123.829	0.743972
123.966	0.744152
124.103	0.74433
124.24	0.744511
124.377	0.74471
124.513	0.744929
124.649	0.745167
124.784	0.745423
124.919	0.745697
125.056	0.746006
125.19	0.746333
125.325	0.746669
125.462	0.746995
125.598	0.747299
125.735	0.747552
125.872	0.747736
126.008	0.747852
126.144	0.747892
126.281	0.747859
126.418	0.74776
126.555	0.747622
126.692	0.74743
126.83	0.74721
126.966	0.746954
127.103	0.746686
127.24	0.746387
127.377	0.746004
127.515	0.745598
127.652	0.745135
127.79	0.744624
127.928	0.744068
128.065	0.743495
128.207	0.742894
128.348	0.742293
128.49	0.741723
128.633	0.741182
128.776	0.740705
128.919	0.740328
129.063	0.740071
129.207	0.739941
129.35	0.739938
129.494	0.740058
129.638	0.74028
129.781	0.740588
129.924	0.740955
130.066	0.741356
130.209	0.741773
130.353	0.74221
130.497	0.742658
130.64	0.743068
130.783	0.743506
130.925	0.743892
131.067	0.744229
131.21	0.744512
131.352	0.744751
131.495	0.744919
131.64	0.745004
131.784	0.745024
131.93	0.744969
132.076	0.74484
132.221	0.744657
132.366	0.744435
132.512	0.744154
132.658	0.743848
132.805	0.743536
132.951	0.743214
133.097	0.742892
133.243	0.742563
133.387	0.742247
133.532	0.741931
133.676	0.741623
133.82	0.741334
133.963	0.741054
134.105	0.7408
134.246	0.740599
134.387	0.740435
134.528	0.740334
134.668	0.740286
134.808	0.740309
134.948	0.740407
135.088	0.740584
135.228	0.740844
135.368	0.741175
135.507	0.741557
135.644	0.742048
135.783	0.7426
135.924	0.743173
136.062	0.743738
136.203	0.744241
136.343	0.744661
136.484	0.74501
136.624	0.745257
136.765	0.745408
136.906	0.745479
137.046	0.745453
137.186	0.745352
137.325	0.745159
137.464	0.744898
137.603	0.744593
137.743	0.744204
137.882	0.74376
138.022	0.743268
138.162	0.742734
138.301	0.74216
138.44	0.741552
138.578	0.740906
138.717	0.740254
138.854	0.739588
138.99	0.738922
139.127	0.738239
139.263	0.737586
139.399	0.736935
139.535	0.736323
139.67	0.735749
139.804	0.735248
139.94	0.734815
140.074	0.73446
140.207	0.734206
140.341	0.734043
140.475	0.733967
140.609	0.73395
140.743	0.734007
140.877	0.734091
141.012	0.734215
141.149	0.734342
141.289	0.734481
141.431	0.734621
141.574	0.734757
141.717	0.734885
141.86	0.734984
142.002	0.735056
142.145	0.735113
142.287	0.735124
142.429	0.735062
142.572	0.734923
142.713	0.734698
142.853	0.734392
142.993	0.733985
143.133	0.733466
143.276	0.732838
143.417	0.7321
143.558	0.731292
143.701	0.730384
143.844	0.729402
143.987	0.728366
144.13	0.727284
144.273	0.726161
144.416	0.725003
144.56	0.723814
144.706	0.722627
144.851	0.721378
144.997	0.720081
145.142	0.718731
145.287	0.71736
145.431	0.715919
145.574	0.714434
145.716	0.712935
145.859	0.711422
146.003	0.709908
146.148	0.708402
146.292	0.70691
146.435	0.705436
146.577	0.703996
146.719	0.702596
146.861	0.701203
147.003	0.699813
147.144	0.69841
147.284	0.696998
147.424	0.695555
147.566	0.69408
147.707	0.692562
147.848	0.690929
147.989	0.689299
148.129	0.687627
148.267	0.685876
148.405	0.684075
148.541	0.682223
148.677	0.680311
148.811	0.678307
148.945	0.676205
149.08	0.673979
149.216	0.671643
149.354	0.669184
149.494	0.666619
149.634	0.663891
149.774	0.661036
149.914	0.658075
150.051	0.655012
150.189	0.65186
150.328	0.648643
150.466	0.64535
150.607	0.642034
150.748	0.638672
150.889	0.635293
151.03	0.631924
151.172	0.628577
151.312	0.625294
151.45	0.622071
151.588	0.618921
151.724	0.615844
151.858	0.612835
151.988	0.609871
152.12	0.606945
152.253	0.604042
152.385	0.601156
152.517	0.598294
152.65	0.595419
152.783	0.592544
152.914	0.589657
153.046	0.58674
153.178	0.583772
153.312	0.580765
153.448	0.577696
153.584	0.574556
153.72	0.571318
153.86	0.567986
153.999	0.564541
154.138	0.560968
154.28	0.557271
154.42	0.55345
154.561	0.549515
154.703	0.545461
154.844	0.541325
154.984	0.537089
155.125	0.532789
155.266	0.528421
155.408	0.524003
155.551	0.519544
155.693	0.515051
155.838	0.510549
155.981	0.506026
156.126	0.501498
156.269	0.496967
156.413	0.49249
156.557	0.488075
156.7	0.483738
156.843	0.479525
156.986	0.475409
157.127	0.471396
157.269	0.467482
157.408	0.46367
157.548	0.459921
157.686	0.456253
157.824	0.452627
157.96	0.449039
158.096	0.445464
158.233	0.4419
158.371	0.438335
158.512	0.434763
158.656	0.431187
158.801	0.427612
158.949	0.424032
159.096	0.420451
159.243	0.416827
159.39	0.413193
159.534	0.409548
159.678	0.405875
159.819	0.40217
159.96	0.398426
160.1	0.394637
160.24	0.390806
160.381	0.38692
160.523	0.382975
160.665	0.378977
160.807	0.374951
160.948	0.370902
161.089	0.366854
161.229	0.362829
161.37	0.358846
161.508	0.3549
161.647	0.351
161.787	0.347206
161.93	0.343405
162.074	0.339652
162.217	0.335946
162.361	0.332275
162.504	0.328626
162.647	0.325017
162.787	0.321463
162.927	0.317971
163.066	0.314555
163.205	0.311195
163.344	0.307893
163.486	0.30464
163.626	0.301447
163.769	0.298291
163.91	0.295172
164.05	0.29208
164.191	0.289025
164.329	0.285987
164.467	0.282987
164.604	0.27999
164.741	0.276992
164.877	0.273985
165.016	0.270987
165.152	0.267965
165.284	0.264919
165.418	0.261862
165.554	0.258741
165.69	0.255647
165.827	0.252536
165.964	0.249407
166.1	0.246261
166.236	0.243107
166.372	0.239935
166.509	0.236737
166.648	0.233514
166.787	0.230267
166.926	0.226996
167.065	0.223715
167.204	0.220428
167.343	0.217147
167.482	0.213877
167.623	0.210634
167.764	0.207421
167.908	0.204247
168.052	0.201126
168.198	0.198055
168.346	0.195052
168.495	0.192116
168.644	0.189246
168.793	0.186431
168.941	0.183661
169.087	0.180939
169.235	0.178274
169.379	0.175638
169.522	0.173052
169.668	0.170507
169.812	0.16801
169.958	0.165562
170.104	0.163162
170.25	0.160785
170.395	0.15843
170.541	0.156071
170.687	0.153674
170.834	0.151238
170.981	0.148707
171.128	0.146097
171.275	0.143419
171.42	0.140662
171.564	0.137828
171.706	0.134927
171.848	0.131979
171.99	0.128984
172.133	0.125943
172.276	0.12288
172.419	0.119784
172.562	0.116675
172.706	0.113553
172.852	0.110439
172.998	0.107323
173.147	0.104204
173.296	0.101108
173.447	0.0980457
173.598	0.0950843
173.75	0.0921137
173.903	0.0891997
174.052	0.086366
174.202	0.0836171
174.352	0.080964
174.502	0.0783846
174.653	0.0758715
174.805	0.0734122
174.958	0.0709913
175.111	0.0685964
175.263	0.066237
175.414	0.0638906
175.566	0.0615457
175.716	0.0591827
175.866	0.0568047
176.018	0.05442
176.17	0.0520216
176.323	0.0496071
176.473	0.0471513
176.622	0.0446463
176.77	0.0420905
176.919	0.0394644
177.067	0.0367803
177.216	0.034032
177.365	0.0312312
177.513	0.0283833
177.661	0.0254829
177.808	0.0225613
177.955	0.0196269
178.102	0.0166707
178.247	0.0137326
178.393	0.0107975
178.538	0.00789471
178.682	0.00503011
178.826	0.00223322
178.969	-0.000479817
179.112	-0.00309968
179.255	-0.00560297
179.396	-0.00799701
179.536	-0.0103077
179.675	-0.012491
179.814	-0.0145729
179.954	-0.0165493
180.092	-0.0184311
180.226	-0.02031
180.361	-0.0221496
180.494	-0.0239587
180.624	-0.0257512
180.754	-0.0275253
180.884	-0.0292734
181.014	-0.03101
181.144	-0.0327262
181.276	-0.0344228
181.407	-0.036107
181.539	-0.0377683
181.67	-0.0394225
181.802	-0.0410613
181.935	-0.0426927
182.07	-0.0443247
182.209	-0.0459598
182.35	-0.0476173
182.493	-0.0492986
182.64	-0.0510152
182.786	-0.0527458
182.936	-0.0544822
183.085	-0.0562349
183.235	-0.057949
183.384	-0.0596473
183.533	-0.0613134
183.682	-0.0629667
183.832	-0.064551
183.982	-0.0660803
184.129	-0.0675659
184.278	-0.0690082
184.425	-0.0704059
184.574	-0.0717479
184.721	-0.0730228
184.869	-0.0742172
185.017	-0.0753564
185.163	-0.0764234
185.309	-0.0774365
185.452	-0.078394
185.595	-0.0792919
185.738	-0.080161
185.88	-0.0809903
186.021	-0.0817938
186.166	-0.0825751
186.309	-0.0833369
186.454	-0.0840792
186.599	-0.0847953
186.743	-0.0855083
186.887	-0.0861941
187.032	-0.0868802
187.178	-0.0875304
187.326	-0.0881715
187.474	-0.088775
187.621	-0.0893069
187.768	-0.0898433
187.914	-0.0903759
188.061	-0.0909676
188.207	-0.0915137
188.352	-0.0920874
188.494	-0.0927014
188.636	-0.0933652
188.778	-0.0940858
188.923	-0.0948497
189.07	-0.0956385
189.217	-0.0964484
189.365	-0.0972682
189.511	-0.0980688
189.656	-0.0988639
189.801	-0.0996038
189.946	-0.10027
190.09	-0.100836
190.235	-0.101297
190.381	-0.101661
190.529	-0.101906
190.676	-0.102046
190.825	-0.102098
190.974	-0.102072
191.125	-0.101968
191.279	-0.101802
191.435	-0.101587
191.592	-0.101413
191.752	-0.101127
191.913	-0.100816
192.075	-0.100458
192.236	-0.100078
192.397	-0.0996524
192.558	-0.0992106
192.719	-0.09876
192.878	-0.0982905
193.038	-0.0978358
193.196	-0.0974015
193.351	-0.0970055
193.505	-0.0966791
193.654	-0.0964291
193.8	-0.0962537
193.944	-0.0961591
194.082	-0.096145
194.219	-0.0962304
194.355	-0.096402
194.491	-0.0966841
194.628	-0.0970077
194.765	-0.09738
194.902	-0.0977765
195.041	-0.0981806
195.18	-0.0985698
195.32	-0.0989303
195.46	-0.0992413
195.597	-0.0994615
195.734	-0.0995717
195.871	-0.0995806
196.006	-0.099475
196.14	-0.0993056
196.274	-0.0990049
196.411	-0.0986205
196.548	-0.0981766
196.685	-0.0976681
196.824	-0.09715
196.964	-0.0965899
197.102	-0.096011
197.239	-0.0954077
197.376	-0.094832
197.514	-0.0943033
197.653	-0.0938273
197.793	-0.0934514
197.933	-0.0931379
198.072	-0.0929034
198.211	-0.0927353
198.348	-0.0926359
198.486	-0.0926112
198.625	-0.0926389
198.764	-0.0927211
198.904	-0.0928452
199.047	-0.0930264
199.188	-0.0932554
199.333	-0.0935114
199.48	-0.0937757
199.624	-0.0940206
199.766	-0.0942409
199.905	-0.0944175
200.044	-0.0945547
200.183	-0.0946307
200.324	-0.0946555
200.463	-0.094651
200.6	-0.0946054
200.736	-0.0944926
200.871	-0.0943254
201.006	-0.0940431
201.138	-0.0937509
201.27	-0.0934172
201.402	-0.0930295
201.534	-0.0926358
201.667	-0.0922156
201.799	-0.0917962
201.93	-0.091422
202.06	-0.0910553
202.191	-0.0907303
202.321	-0.0904522
202.454	-0.0902195
202.589	-0.0900189
202.724	-0.0898452
202.859	-0.0897078
202.997	-0.0895868
203.135	-0.0894638
203.274	-0.0893416
203.411	-0.089217
203.546	-0.0890826
203.682	-0.0889521
203.817	-0.0888104
203.954	-0.088688
204.092	-0.0885745
204.231	-0.0884899
204.37	-0.0884281
204.512	-0.0883905
204.653	-0.0883772
204.796	-0.088418
204.939	-0.0884313
205.079	-0.0884201
205.221	-0.0883472
205.362	-0.0882598
205.502	-0.0881639
205.64	-0.0879691
205.779	-0.0878656
205.918	-0.087762
206.058	-0.0876566
206.2	-0.0875479
206.343	-0.0874611
206.488	-0.0873517
206.633	-0.0872244
206.776	-0.0870823
206.918	-0.0869096
207.057	-0.0867043
207.196	-0.0864801
207.334	-0.0862329
207.474	-0.0859684
207.614	-0.0857015
207.754	-0.0854345
207.893	-0.0851642
208.028	-0.0848889
208.161	-0.0846107
208.292	-0.0843261
208.422	-0.0840467
208.55	-0.0837644
208.679	-0.0834911
208.808	-0.0832337
208.937	-0.0829963
209.066	-0.0827997
209.194	-0.0826675
209.32	-0.0825935
209.449	-0.0825957
209.579	-0.0826283
209.707	-0.0827112
209.839	-0.0827811
209.972	-0.0828996
210.108	-0.0830328
210.244	-0.0831431
210.381	-0.0832633
210.519	-0.0833426
210.657	-0.0834069
210.799	-0.0834473
210.941	-0.0834645
211.087	-0.0834408
211.233	-0.0833747
211.38	-0.0832503
211.528	-0.0830584
211.675	-0.0828065
211.821	-0.0824874
211.966	-0.082118
212.11	-0.0817111
212.252	-0.0812745
212.391	-0.0808102
212.525	-0.0803122
212.657	-0.0798239
212.786	-0.0793363
212.916	-0.0788658
213.045	-0.0784343
213.175	-0.0780512
213.303	-0.0777235
213.434	-0.0774778
213.568	-0.0773183
213.702	-0.0772058
213.84	-0.0771308
213.98	-0.0771166
214.121	-0.0771171
214.263	-0.0771499
214.404	-0.0772302
214.547	-0.077358
214.692	-0.0775899
214.833	-0.0778209
214.974	-0.0780864
215.114	-0.078373
215.254	-0.0786767
215.394	-0.0789994
215.529	-0.0793229
215.661	-0.0795961
215.792	-0.0797961
215.922	-0.0798886
216.052	-0.0798804
216.181	-0.0797516
216.31	-0.0795078
216.438	-0.0791669
216.568	-0.0787224
216.697	-0.0782034
216.828	-0.077647
216.962	-0.077062
217.096	-0.0764645
217.233	-0.0758674
217.368	-0.0752631
217.5	-0.0746792
217.629	-0.0741128
217.753	-0.073616
217.874	-0.0731692
217.995	-0.0727883
218.118	-0.0724454
218.241	-0.0721719
218.365	-0.0719284
218.488	-0.0717806
218.614	-0.0717077
218.743	-0.071742
218.873	-0.071821
219.007	-0.0719368
219.142	-0.0720824
219.278	-0.0722299
219.418	-0.0723903
219.557	-0.0725626
219.697	-0.0727571
219.839	-0.072958
219.98	-0.0731786
220.122	-0.0734154
220.264	-0.0736452
220.406	-0.073872
220.546	-0.0740825
220.687	-0.0742427
220.828	-0.0743499
220.97	-0.0743858
221.112	-0.0743436
221.25	-0.0742014
221.388	-0.0740232
221.526	-0.0737807
221.663	-0.0734688
221.799	-0.0730894
221.938	-0.0726726
222.076	-0.0721945
222.217	-0.0716746
222.361	-0.071111
222.51	-0.0705052
222.661	-0.0698836
222.813	-0.0692374
222.964	-0.0686205
223.113	-0.0680527
223.262	-0.0675901
223.41	-0.0672251
223.559	-0.0669778
223.705	-0.0668451
223.849	-0.0668117
223.992	-0.0668772
224.131	-0.0670135
224.27	-0.0671962
224.408	-0.0674155
224.545	-0.0676608
224.683	-0.0679127
224.823	-0.0681702
224.965	-0.0684084
225.108	-0.0686171
225.251	-0.0687768
225.392	-0.0688874
225.532	-0.068951
225.671	-0.0689666
225.813	-0.0689437
225.959	-0.0688759
226.108	-0.0687804
226.258	-0.0686581
226.408	-0.0684768
226.558	-0.068291
226.71	-0.0680431
226.864	-0.0678081
227.016	-0.0675104
227.166	-0.0672161
227.314	-0.0668836
227.461	-0.0665223
227.607	-0.0661528
227.754	-0.0657943
227.901	-0.0654235
228.053	-0.0650516
228.207	-0.0646798
228.368	-0.0643223
228.526	-0.0639897
228.683	-0.0636856
228.842	-0.0633934
229.001	-0.063121
229.16	-0.0628763
229.321	-0.0626589
229.482	-0.0624549
229.64	-0.062278
229.797	-0.0621414
229.95	-0.0620647
230.103	-0.0620655
230.253	-0.0621124
230.399	-0.0622321
230.545	-0.0623945
230.689	-0.0625969
230.831	-0.0628051
230.972	-0.0630058
231.111	-0.0631788
231.249	-0.0633683
231.387	-0.0634198
231.526	-0.0634207
231.663	-0.0633678
231.8	-0.0632669
231.937	-0.0631475
232.075	-0.0629973
232.214	-0.0628641
232.353	-0.0627251
232.493	-0.0626196
232.634	-0.0625216
232.777	-0.0624246
232.919	-0.0623068
233.062	-0.0621614
233.204	-0.0619864
233.347	-0.0617682
233.488	-0.0615071
233.629	-0.061201
233.77	-0.0608441
233.912	-0.0604603
234.053	-0.0600575
234.192	-0.0596337
234.333	-0.0592015
234.473	-0.0587748
234.612	-0.0583596
234.752	-0.0579581
234.892	-0.0575887
235.033	-0.057275
235.173	-0.057031
235.313	-0.056863
235.452	-0.0567747
235.592	-0.0567829
235.73	-0.0568889
235.868	-0.0570477
236.005	-0.057257
236.141	-0.0575091
236.271	-0.0577622
236.398	-0.0579749
236.526	-0.0581664
236.653	-0.0583308
236.782	-0.0584596
236.909	-0.0585693
237.038	-0.0586398
237.167	-0.0586759
237.298	-0.0586753
237.428	-0.0586245
237.558	-0.0585095
237.688	-0.0583329
237.819	-0.058093
237.952	-0.0577958
238.084	-0.0574401
238.217	-0.0570382
238.352	-0.0565954
238.485	-0.0561314
238.621	-0.0556502
238.757	-0.0551571
238.892	-0.0546541
239.032	-0.0541395
239.175	-0.0536387
239.318	-0.0531742
239.461	-0.0527737
239.603	-0.0524428
239.745	-0.0521861
239.888	-0.0520006
240.029	-0.0518802
240.17	-0.0518114
240.311	-0.0518201
240.452	-0.0518678
240.595	-0.0519663
240.738	-0.0520612
240.879	-0.0522051
241.018	-0.0523255
241.153	-0.0525064
241.287	-0.0526939
241.422	-0.0529037
241.557	-0.053134
241.692	-0.053396
241.826	-0.0536784
241.962	-0.0539554
242.1	-0.0542151
242.238	-0.0544229
242.377	-0.0545571
242.516	-0.0546035
242.655	-0.0545578
242.795	-0.0544267
242.935	-0.0542237
243.075	-0.0539398
243.216	-0.0535756
243.353	-0.0531463
243.491	-0.0526551
243.629	-0.0521316
243.769	-0.0515717
243.907	-0.0509898
244.047	-0.0504043
244.189	-0.0498085
244.331	-0.0492212
244.473	-0.0486539
244.614	-0.0481393
244.756	-0.0476112
244.899	-0.0472328
245.041	-0.0468524
245.182	-0.0466096
245.325	-0.0464457
245.469	-0.0463605
245.614	-0.0463295
245.761	-0.0463473
245.908	-0.0464002
246.056	-0.0464684
246.204	-0.0465569
246.353	-0.0466548
246.503	-0.0467632
246.657	-0.0468728
246.814	-0.046999
246.968	-0.0471332
247.122	-0.0472872
247.272	-0.0474533
247.421	-0.0476351
247.566	-0.047834
247.711	-0.0480357
247.855	-0.0482058
247.997	-0.0483385
248.14	-0.048414
248.284	-0.0484207
248.429	-0.0483491
248.573	-0.0482031
248.716	-0.0480111
248.856	-0.0477465
248.99	-0.0474133
249.121	-0.0470229
249.244	-0.0465874
249.364	-0.0461208
249.482	-0.0456812
249.596	-0.0451685
249.708	-0.0446003
249.818	-0.0440181
249.928	-0.0434063
250.038	-0.042849
250.148	-0.042363
250.258	-0.0419661
250.371	-0.0416553
250.49	-0.0414355
250.609	-0.0413103
250.73	-0.0412627
250.854	-0.0412982
250.981	-0.0413844
251.111	-0.0415143
251.246	-0.0416841
251.387	-0.0418707
251.53	-0.0420694
251.67	-0.0422774
251.809	-0.0424982
251.949	-0.0427281
252.09	-0.0429472
252.229	-0.0431443
252.365	-0.0432957
252.503	-0.0434022
252.641	-0.043468
252.779	-0.0434887
252.918	-0.0434609
253.057	-0.0433782
253.194	-0.0432436
253.331	-0.0430278
253.462	-0.0427982
253.598	-0.0425069
253.735	-0.0420936
253.87	-0.0417466
254.006	-0.0413225
254.144	-0.0408892
254.281	-0.0404423
254.416	-0.0399699
254.552	-0.0394944
254.687	-0.0390097
254.822	-0.03852
254.956	-0.0380429
255.091	-0.0375981
255.227	-0.0371895
255.364	-0.0368085
255.502	-0.0364692
255.638	-0.0361809
255.773	-0.035945
255.907	-0.0357894
256.039	-0.0357238
256.172	-0.0357129
256.304	-0.0357709
256.437	-0.0358921
256.567	-0.0360499
256.698	-0.0362489
256.828	-0.0364738
256.953	-0.0367172
257.075	-0.0369439
257.197	-0.037143
257.316	-0.0373076
257.435	-0.037428
257.554	-0.0375063
257.672	-0.0375441
257.79	-0.0375536
257.904	-0.0375306
258.019	-0.0374675
258.137	-0.0374713
258.256	-0.0373381
258.378	-0.0371889
258.501	-0.0370388
258.63	-0.0368388
258.765	-0.0366077
258.905	-0.0363473
259.05	-0.0360425
259.198	-0.035697
259.35	-0.0353212
259.504	-0.0349013
259.657	-0.0344573
259.807	-0.0340091
259.954	-0.0335768
260.098	-0.0331607
260.241	-0.0327719
260.384	-0.0324238
260.527	-0.0321156
260.669	-0.0318416
260.812	-0.0316037
260.952	-0.031409
261.088	-0.0312517
261.22	-0.0311544
261.35	-0.0311148
261.479	-0.0311417
261.61	-0.0312229
261.745	-0.031343
261.882	-0.0314833
262.015	-0.0316297
262.142	-0.0317702
262.265	-0.0319019
262.388	-0.0320034
262.512	-0.0320733
262.636	-0.0320388
262.761	-0.0320156
262.885	-0.0320225
263.009	-0.0319607
263.131	-0.0319089
263.251	-0.0318457
263.373	-0.0317405
263.496	-0.0315917
263.618	-0.031429
263.741	-0.0312373
263.864	-0.0310004
263.987	-0.0307216
264.111	-0.0303869
264.233	-0.0300025
264.354	-0.0295759
264.474	-0.0291164
264.593	-0.0286341
264.713	-0.0281514
264.834	-0.0276629
264.954	-0.0271877
265.078	-0.0267242
265.202	-0.0263071
265.33	-0.0259465
265.461	-0.0256708
265.595	-0.0254651
265.73	-0.0253387
265.867	-0.0252911
266.002	-0.025309
266.135	-0.025397
266.268	-0.0255454
266.402	-0.0257678
266.539	-0.0259889
266.681	-0.0262618
266.823	-0.026625
266.962	-0.0268942
267.102	-0.0271764
267.241	-0.0274013
267.378	-0.0275722
267.513	-0.0276935
267.647	-0.0277446
267.781	-0.0277453
267.913	-0.0276806
268.045	-0.0275591
268.178	-0.0273791
268.311	-0.027147
268.443	-0.0268768
268.575	-0.026572
268.705	-0.0262254
268.838	-0.0258556
268.971	-0.0254536
269.104	-0.0250245
269.237	-0.0245733
269.371	-0.0241027
269.509	-0.0236095
269.651	-0.0230925
269.795	-0.0225735
269.944	-0.0220673
270.095	-0.021595
270.244	-0.0211816
270.388	-0.0208366
270.525	-0.0205632
270.663	-0.0203606
270.803	-0.0202266
270.945	-0.0201583
271.09	-0.0201472
271.24	-0.0201947
271.39	-0.0203018
271.539	-0.0204341
271.689	-0.0206215
271.838	-0.0208471
271.989	-0.0210818
272.146	-0.0213439
272.306	-0.0216149
272.467	-0.0218597
272.627	-0.0220715
272.783	-0.0222362
272.937	-0.022332
273.089	-0.0223962
273.24	-0.0223988
273.392	-0.0223439
273.547	-0.0222267
273.702	-0.0220362
273.856	-0.0218022
274.01	-0.0215034
274.164	-0.021168
274.318	-0.0207976
274.471	-0.0203847
274.624	-0.0199549
274.778	-0.0195036
274.933	-0.0190187
275.087	-0.0185231
275.24	-0.0179671
275.393	-0.0174436
275.545	-0.0169352
275.696	-0.0164503
275.845	-0.016031
275.993	-0.0156673
276.138	-0.0153652
276.283	-0.0151292
276.428	-0.0149564
276.573	-0.0148492
276.716	-0.0147963
276.861	-0.0147702
277.01	-0.0148497
277.159	-0.0150647
277.308	-0.0152059
277.457	-0.0153972
277.609	-0.0156028
277.763	-0.015777
277.923	-0.0159425
278.087	-0.0161046
278.253	-0.0162679
278.419	-0.0164385
278.585	-0.0166075
278.745	-0.0167359
278.904	-0.0168298
279.062	-0.0168863
279.217	-0.016896
279.369	-0.0168611
279.521	-0.0167692
279.672	-0.016632
279.824	-0.016435
279.975	-0.0161913
280.123	-0.015885
280.271	-0.0155609
280.421	-0.0151767
280.568	-0.0147626
280.709	-0.0143111
280.844	-0.0138212
280.975	-0.013296
281.109	-0.0127511
281.244	-0.0121775
281.378	-0.0115899
281.514	-0.0110238
281.651	-0.0104921
281.793	-0.00999171
281.936	-0.00956479
282.077	-0.00923049
282.218	-0.00883496
282.361	-0.00869688
282.501	-0.00861038
282.643	-0.00858475
282.784	-0.00860679
282.924	-0.00863309
283.066	-0.0086675
283.209	-0.00870275
283.35	-0.00873232
283.493	-0.00876498
283.635	-0.00879695
283.775	-0.00884058
283.911	-0.00889669
284.048	-0.00898539
284.187	-0.00910443
284.327	-0.0092362
284.469	-0.00941215
284.613	-0.00958906
284.758	-0.00976013
284.901	-0.00990687
285.046	-0.0100197
285.192	-0.0100957
285.332	-0.0101092
285.471	-0.0100535
285.611	-0.0099338
285.75	-0.00975475
285.889	-0.00952591
286.029	-0.00921293
286.163	-0.00890799
286.294	-0.00855403
286.424	-0.00815533
286.552	-0.00769335
286.679	-0.00721844
286.809	-0.00671966
286.937	-0.0062255
287.063	-0.00577633
287.186	-0.00539455
287.309	-0.00508121
287.427	-0.00485206
287.54	-0.00468402
287.646	-0.00458704
287.749	-0.00453264
287.85	-0.00453259
287.951	-0.0045878
288.048	-0.00466114
288.15	-0.0047534
288.251	-0.0048437
288.352	-0.00491044
288.454	-0.00495936
288.563	-0.00497913
288.679	-0.00498936
288.807	-0.00498047
288.941	-0.00501926
289.079	-0.00501429
289.218	-0.00494638
289.358	-0.00485419
289.499	-0.00474066
289.641	-0.00457281
289.785	-0.00437805
289.93	-0.00416787
290.073	-0.00395083
290.213	-0.00371157
290.349	-0.00347361
290.488	-0.00322762
290.629	-0.00296383
290.774	-0.00269243
290.92	-0.00232911
291.066	-0.00206427
291.207	-0.00179815
291.347	-0.00157106
291.484	-0.00136568
291.618	-0.00118291
291.75	-0.00102265
291.88	-0.000879124
292.006	-0.000765398
292.128	-0.000680685
292.246	-0.000661165
292.358	-0.00057815
292.468	-0.000592694
292.575	-0.000606731
292.681	-0.000576779
292.785	-0.000507489
292.89	-0.000440896
292.995	-0.000356883
293.099	-0.000256315
293.207	-0.000117958
293.315	0.0000528
293.425	0.00020881
293.534	0.000372902
293.642	0.000522792
293.747	0.000654086
293.851	0.000767931
293.954	0.000862136
294.054	0.000928774
294.157	0.000969753
294.258	0.00100864
294.359	0.00102985
294.465	0.00103959
294.572	0.00103325
294.676	0.00102964
294.781	0.000862375
294.884	0.000845402
294.987	0.0009422
295.094	0.000898689
295.204	0.000865027
295.313	0.000832275
295.422	0.000797421
295.53	0.000799835
295.633	0.000837862
295.738	0.000916302
295.845	0.00104558
295.95	0.00122388
296.054	0.00145726
296.163	0.00174998
296.279	0.00211143
296.399	0.00251329
296.522	0.00294968
296.649	0.00339265
296.774	0.00383316
296.901	0.00426164
297.022	0.00465482
297.142	0.00501847
297.261	0.00531554
297.378	0.00554697
297.49	0.00573072
297.595	0.00583944
297.694	0.00590208
297.784	0.00588058
297.863	0.00585741
297.936	0.0058004
298.006	0.00571901
298.072	0.00561191
298.134	0.00550197
298.193	0.0053786
298.25	0.00525558
298.305	0.00514325
298.359	0.00505488
298.407	0.00496964
298.449	0.00489993
298.489	0.00485557
298.528	0.00482184
298.57	0.0048155
298.613	0.00485004
298.659	0.00492385
298.703	0.00504595
298.749	0.0052207
298.8	0.00543517
298.854	0.00567262
298.912	0.00590737
298.973	0.00614217
299.036	0.00635882
299.098	0.00654425
299.155	0.00676894
299.205	0.00690842
299.252	0.00700134
299.297	0.0070889
299.343	0.00717457
299.39	0.00722158
299.437	0.00726514
299.486	0.0073081
299.533	0.00735284
299.579	0.0073842
299.623	0.00742638
299.668	0.00745712
299.713	0.00748992
299.762	0.00752771
299.812	0.00757113
299.862	0.00760931
299.913	0.00764652
299.957	0.00770198
299.996	0.00774176
300.033	0.00780796
300.069	0.00788948
300.105	0.00799462
300.144	0.0081439
300.184	0.00832428
300.226	0.00854643
300.268	0.00869027
300.311	0.00891747
300.354	0.00913037
300.397	0.00930347
300.44	0.00944282
300.483	0.00960185
300.526	0.0097381
300.565	0.0098522
300.604	0.00990632
300.642	0.00993198
300.68	0.00993989
300.716	0.00991724
300.748	0.00987647
300.78	0.00983076
300.808	0.00977714
300.835	0.00971559
300.863	0.00964728
300.891	0.00958461
300.919	0.00950907
300.949	0.00943668
300.977	0.00935878
301.007	0.00928161
301.037	0.00920071
301.069	0.00912772
301.104	0.00906828
301.146	0.00886959
301.195	0.00882815
301.247	0.00879899
301.3	0.00879709
301.353	0.00885385
301.405	0.00893641
301.453	0.00905798
301.5	0.00921063
301.546	0.00940333
301.594	0.00957298
301.647	0.00973326
301.704	0.00987697
301.763	0.00998694
301.82	0.0100656
301.877	0.0101373
301.926	0.0101956
301.968	0.0102373
302.004	0.0102623
302.035	0.010292
302.061	0.0103084
302.081	0.0103255
302.093	0.0103398
302.103	0.0103375
302.114	0.0103432
302.13	0.0103393
302.154	0.0103401
302.187	0.01037
302.226	0.0104046
302.265	0.0104375
302.302	0.0104706
302.334	0.0105049
302.364	0.0105539
302.39	0.0106239
302.416	0.0106822
302.446	0.0107465
302.478	0.0108394
302.512	0.0109481
302.547	0.0110699
302.582	0.0112212
302.616	0.0113899
302.65	0.0115754
302.679	0.0117914
302.706	0.011979
302.732	0.0121418
302.755	0.0122771
302.771	0.0123708
302.782	0.0124436
302.791	0.0124786
302.8	0.0125017
302.814	0.0125113
302.83	0.0125014
302.85	0.0124891
302.873	0.0124264
302.898	0.0123497
302.921	0.0122604
302.944	0.0122114
302.967	0.0121353
302.991	0.0120597
303.01	0.0119826
303.023	0.0119051
303.033	0.011828
303.039	0.0117569
303.039	0.0116766
303.034	0.0116038
303.031	0.0115293
303.024	0.0114682
303.016	0.0114161
303.005	0.0113788
302.995	0.0113801
302.988	0.0113973
302.982	0.0114326
302.979	0.0115052
302.979	0.0115992
302.979	0.0117163
302.974	0.0118423
302.969	0.0119658
302.962	0.0120922
302.951	0.0122028
302.944	0.0122914
302.937	0.012334
302.935	0.0124019
302.938	0.0124612
302.943	0.0125185
302.954	0.0125733
302.967	0.012621
302.979	0.0126703
302.991	0.0127201
303.006	0.0127611
303.024	0.012806
303.043	0.0128458
303.067	0.0128792
303.099	0.0129032
303.137	0.0129311
303.177	0.0129559
303.216	0.0129793
303.255	0.0130051
303.297	0.0130304
303.338	0.0130492
303.376	0.013036
303.41	0.0130584
303.442	0.0130997
303.466	0.0131451
303.488	0.0131994
303.511	0.0132624
303.535	0.0133409
303.558	0.0133972
303.576	0.0134477
303.589	0.0134801
303.592	0.0134747
303.589	0.0134795
303.581	0.0134657
303.567	0.0134476
303.548	0.0134138
303.527	0.0133752
303.503	0.013322
303.476	0.0132639
303.45	0.0131986
303.426	0.0131338
303.407	0.0130604
303.397	0.0129954
303.402	0.0129272
303.418	0.0128615
303.44	0.0127891
303.463	0.0127232
303.484	0.0126663
303.505	0.012589
303.525	0.0125266
303.543	0.0124717
303.561	0.0124393
303.582	0.0124179
303.603	0.0124125
303.624	0.0124015
303.644	0.0124057
303.67	0.012455
303.702	0.0125251
303.739	0.0126093
303.78	0.0127203
303.829	0.0128506
303.884	0.0130049
303.941	0.0131497
304	0.0133003
304.059	0.0134215
304.12	0.013545
304.182	0.0136465
304.24	0.0137331
304.295	0.0138055
304.346	0.0138772
304.392	0.0139365
304.437	0.0139906
304.484	0.0140356
304.53	0.0140833
304.576	0.0141265
304.624	0.0142166
304.669	0.0143422
304.708	0.0144217
304.738	0.0144773
304.767	0.0145419
304.795	0.0146004
304.823	0.0146645
304.85	0.0147173
304.878	0.01476
304.908	0.0147934
304.936	0.0148504
304.961	0.0148792
304.982	0.0149127
304.999	0.0149627
305.014	0.0150219
305.03	0.0150849
305.048	0.0151504
305.069	0.0152215
305.09	0.0152988
305.109	0.0153601
305.121	0.0154061
305.129	0.0154242
305.131	0.0154098
305.127	0.0153643
305.124	0.0153051
305.117	0.015246
305.109	0.0151714
305.098	0.0151372
305.093	0.0150598
305.099	0.0149711
305.115	0.0148728
305.139	0.014771
305.169	0.0146622
305.208	0.0145419
305.252	0.0144258
305.302	0.0143075
305.355	0.0141786
305.41	0.0140638
305.47	0.0139541
305.532	0.0138454
305.596	0.0137414
305.651	0.0136542
305.693	0.0135816
305.72	0.013521
305.734	0.0134789
305.739	0.0134756
305.742	0.0135354
305.745	0.0134881
305.749	0.0136004
305.753	0.0137643
305.758	0.0139555
305.763	0.0141651
305.769	0.0144055
305.771	0.0146695
305.771	0.0149158
305.767	0.0151471
305.76	0.0153449
305.75	0.0155296
305.739	0.0157044
305.731	0.0158564
305.725	0.0159999
305.72	0.0161338
305.717	0.0162628
305.717	0.0163923
305.719	0.0165232
305.723	0.0166465
305.726	0.0167665
305.73	0.016875
305.734	0.0169786
305.737	0.0170751
305.737	0.0171772
305.739	0.0172712
305.741	0.0174102
305.743	0.0175213
305.749	0.0176217
305.757	0.0177191
305.766	0.0177901
305.781	0.0178334
305.799	0.0178741
305.815	0.0179216
305.827	0.0179537
305.836	0.0179748
305.844	0.0179914
305.849	0.0180005
305.851	0.0179937
305.85	0.0179671
305.849	0.0179077
305.852	0.0178417
305.854	0.0177449
305.856	0.0176213
305.852	0.0174807
305.844	0.0173418
305.829	0.0171935
305.809	0.0170426
305.789	0.0168738
305.771	0.0167124
305.756	0.0165444
305.746	0.01634
305.737	0.0161663
305.731	0.0159789
305.725	0.0158668
305.719	0.0156773
305.709	0.0155343
305.693	0.0153809
305.67	0.0152307
305.643	0.0150888
305.616	0.0149411
305.59	0.0148046
305.56	0.0146893
305.527	0.0145872
305.492	0.0145058
305.458	0.0144768
305.429	0.0144868
305.404	0.0145328
305.383	0.0146126
305.366	0.0147518
305.358	0.0149026
305.361	0.0150655
305.375	0.0152354
305.396	0.0153932
305.422	0.0155401
305.448	0.0156556
305.472	0.0157937
305.494	0.0159416
305.513	0.0160819
305.533	0.0162296
305.55	0.0164068
305.566	0.0165447
305.584	0.0166607
305.607	0.0167689
305.636	0.016868
305.668	0.0169571
305.702	0.0170444
305.734	0.017132
305.761	0.0172105
305.783	0.0172898
305.799	0.0173516
305.812	0.0174042
305.82	0.0174653
305.827	0.01753
305.833	0.0175851
305.841	0.0176184
305.849	0.0176726
305.859	0.0177306
305.87	0.0178102
305.884	0.0179036
305.897	0.0179879
305.908	0.0182113
305.919	0.0183692
305.929	0.0184624
305.935	0.0185743
305.941	0.0186717
305.948	0.0186983
305.956	0.0186928
305.966	0.0186591
305.978	0.0185989
305.991	0.0185284
306.005	0.0184457
306.019	0.0183444
306.034	0.0182484
306.051	0.0181523
306.068	0.0180504
306.087	0.0179418
306.109	0.0178261
306.129	0.0177096
306.153	0.0175848
306.178	0.0174607
306.206	0.0173337
306.232	0.0172051
306.257	0.0170811
306.28	0.0169546
306.302	0.01685
306.322	0.0166954
306.343	0.0165974
306.365	0.0165173
306.391	0.0164662
306.414	0.01646
306.44	0.0164817
306.468	0.0165254
306.497	0.0165885
306.528	0.0166643
306.559	0.01676
306.585	0.0168573
306.608	0.0169403
306.629	0.0170083
306.652	0.0170538
306.67	0.0170897
306.683	0.0170954
306.694	0.0170849
306.704	0.0170651
306.715	0.0170287
306.726	0.0169876
306.738	0.0169493
306.748	0.0169192
306.758	0.0168847
306.763	0.0168475
306.767	0.016801
306.771	0.0168141
306.776	0.0168102
306.781	0.0168018
306.786	0.0167957
306.789	0.016839
306.792	0.0168836
306.797	0.0169283
306.799	0.016976
306.799	0.0170346
306.8	0.0170984
306.8	0.0171892
306.798	0.0173063
306.794	0.0174609
306.789	0.0176196
306.787	0.0177951
306.789	0.0179835
306.793	0.0181603
306.798	0.0183293
306.801	0.0184557
306.799	0.0185737
306.796	0.0186632
306.786	0.018723
306.773	0.0187691
306.763	0.018839
306.753	0.0188828
306.749	0.0189
306.748	0.0189087
306.747	0.0189437
306.75	0.0189213
306.755	0.0188791
306.76	0.0188337
306.767	0.0187724
306.776	0.0187065
306.786	0.018635
306.796	0.0185625
306.805	0.0184885
306.814	0.0183989
306.822	0.0183118
306.833	0.0182247
306.843	0.0181549
306.852	0.0180871
306.86	0.0180068
306.868	0.017944
306.877	0.0178945
306.885	0.0178854
306.898	0.0178761
306.919	0.0178971
306.946	0.226064
306.978	0.226053
307.014	0.226025
307.053	0.225945
307.095	0.225776
307.136	0.225619
307.175	0.225403
307.217	0.225169
307.26	0.224929
307.3	0.22469
307.34	0.224471
307.38	0.224273
307.417	0.224113
307.456	0.223983
307.499	0.223895
307.545	0.223827
307.59	0.223791
307.635	0.223788
307.679	0.223821
307.72	0.22386
307.758	0.22397
307.791	0.224078
307.82	0.224222
307.844	0.224401
307.865	0.224661
307.885	0.224917
307.906	0.225204
307.926	0.225509
307.946	0.225834
307.964	0.226165
307.98	0.226471
307.993	0.226736
308.006	0.22694
308.019	0.227083
308.03	0.227161
308.04	0.227183
308.05	0.227146
308.058	0.227043
308.063	0.226906
308.069	0.226761
308.078	0.226601
308.089	0.226443
308.096	0.226285
308.098	0.226139
308.096	0.226
308.088	0.225818
308.08	0.225679
308.07	0.225564
308.065	0.225469