Temperature	Strain
80.1	19.99
80.1	19.992
80.1	19.989
80.1	19.995
80.1	19.992
80.1	19.987
80.1	19.988
80.1	19.985
80.1	19.99
80.1	19.995
80.1	19.986
80.1	19.989
80.2	19.992
80.2	19.997
80.2	19.996
80.2	19.995
80.2	19.989
80.1	19.995
80.1	19.995
80.1	19.996
80.1	19.995
80.1	20.004
80.2	20.001
80.2	20.001
80.2	20.014
80.1	20.001
80.1	20.004
80.1	20.004
80.1	20.012
80.1	20.001
80.1	20.007
80.1	20.007
80.1	20.01
80.1	20.007
80.1	20.006
80.1	20.009
80.1	20.001
80.1	20.001
80	20.009
80	20.004
80	20.009
80	20.004
80	20.013
80	20.013
79.9	20.015
79.9	20.019
79.9	20.016
79.8	20.021
79.8	20.022
79.7	20.022
79.6	20.013
79.6	20.019
79.6	20.022
79.6	20.019
79.6	20.025
79.5	20.023
79.4	20.016
79.4	20.025
79.4	20.02
79.3	20.019
79.3	20.028
79.3	20.022
79.2	20.019
79.2	20.019
79.1	20.016
79	20.016
79	20.022
79	20.028
78.9	20.028
78.9	20.025
78.8	20.025
78.8	20.022
78.8	20.028
78.7	20.029
78.6	20.041
78.6	20.041
78.5	20.037
78.5	20.034
78.4	20.035
78.4	20.029
78.4	20.029
78.3	20.035
78.2	20.047
78.2	20.041
78.2	20.041
78.1	20.047
78.1	20.041
78	20.044
77.9	20.038
77.9	20.041
77.8	20.044
77.7	20.047
77.7	20.045
77.6	20.047
77.5	20.047
77.5	20.047
77.5	20.044
77.4	20.05
77.4	20.05
77.3	20.05
77.2	20.047
77.2	20.041
77.1	20.053
77	20.053
77	20.053
76.9	20.054
76.8	20.052
76.8	20.047
76.7	20.058
76.6	20.062
76.6	20.056
76.5	20.055
76.5	20.061
76.5	20.065
76.4	20.067
76.3	20.071
76.3	20.062
76.2	20.074
76.1	20.07
76.1	20.071
76	20.071
76	20.072
75.9	20.077
75.8	20.077
75.7	20.074
75.7	20.072
75.6	20.074
75.5	20.074
75.5	20.074
75.4	20.074
75.4	20.071
75.4	20.077
75.3	20.074
75.3	20.071
75.2	20.071
75.1	20.071
75.1	20.074
75	20.068
74.9	20.071
74.9	20.074
74.8	20.07
74.7	20.07
74.7	20.071
74.7	20.074
74.6	20.077
74.6	20.073
74.5	20.08
74.4	20.08
74.4	20.08
74.3	20.075
74.2	20.083
74.2	20.081
74.1	20.08
74	20.079
74	20.084
73.9	20.08
73.8	20.08
73.8	20.077
73.7	20.084
73.7	20.083
73.7	20.083
73.6	20.083
73.5	20.081
73.5	20.084
73.4	20.081
73.3	20.084
73.3	20.084
73.3	20.084
73.1	20.083
73.1	20.084
73.1	20.086
73	20.087
73	20.084
72.9	20.084
72.8	20.087
72.8	20.083
72.7	20.087
72.6	20.084
72.6	20.087
72.5	20.084
72.5	20.087
72.5	20.087
72.4	20.087
72.3	20.087
72.3	20.084
72.2	20.087
72.1	20.087
72.1	20.09
72	20.084
72	20.087
72	20.09
71.9	20.084
71.9	20.087
71.8	20.087
71.7	20.087
71.7	20.084
71.6	20.086
71.5	20.087
71.5	20.09
71.5	20.087
71.4	20.086
71.4	20.09
71.3	20.09
71.2	20.093
71.2	20.093
71.1	20.09
71	20.09
71	20.09
71	20.089
70.9	20.09
70.9	20.089
70.8	20.086
70.7	20.09
70.7	20.089
70.7	20.089
70.6	20.089
70.6	20.089
70.5	20.089
70.4	20.089
70.4	20.09
70.3	20.089
70.2	20.089
70.2	20.089
70.2	20.089
70.1	20.092
70.1	20.087
70	20.089
69.9	20.089
69.9	20.091
69.8	20.089
69.8	20.089
69.8	20.089
69.7	20.089
69.6	20.089
69.6	20.089
69.5	20.089
69.5	20.089
69.5	20.089
69.4	20.089
69.3	20.09
69.3	20.086
69.2	20.089
69.2	20.089
69.2	20.09
69.1	20.089
69	20.089
69	20.093
69	20.09
69	20.089
68.9	20.088
68.8	20.087
68.8	20.09
68.7	20.096
68.6	20.093
68.6	20.1
68.5	20.093
68.5	20.093
68.5	20.09
68.4	20.093
68.3	20.093
68.3	20.091
68.3	20.09
68.2	20.087
68.2	20.09
68.1	20.09
68	20.09
68	20.09
67.9	20.092
67.8	20.09
67.8	20.092
67.8	20.09
67.7	20.09
67.7	20.087
67.6	20.087
67.6	20.093
67.6	20.094
67.5	20.093
67.4	20.09
67.4	20.096
67.4	20.093
67.3	20.094
67.3	20.093
67.2	20.09
67.2	20.092
67.2	20.096
67.1	20.095
67	20.092
67	20.092
67	20.098
66.9	20.095
66.9	20.095
66.8	20.09
66.7	20.092
66.7	20.092
66.7	20.092
66.6	20.092
66.6	20.089
66.5	20.092
66.5	20.098
66.5	20.095
66.4	20.092
66.3	20.098
66.3	20.092
66.3	20.095
66.21	20.095
66.2	20.098
66.1	20.098
66.1	20.092
66	20.096
66	20.098
66	20.098
65.9	20.098
65.8	20.092
65.8	20.092
65.8	20.098
65.7	20.098
65.7	20.093
65.6	20.096
65.6	20.096
65.6	20.099
65.5	20.093
65.4	20.099
65.4	20.099
65.4	20.096
65.3	20.093
65.3	20.099
65.2	20.093
65.1	20.092
65.1	20.093
65.1	20.093
65	20.093
65	20.093
65	20.093
64.9	20.1
64.9	20.099
64.9	20.093
64.8	20.093
64.8	20.093
64.7	20.093
64.6	20.099
64.6	20.093
64.5	20.093
64.5	20.093
64.5	20.1
64.4	20.09
64.4	20.091
64.4	20.093
64.3	20.094
64.3	20.093
64.3	20.098
64.2	20.096
64.1	20.096
64.1	20.099
64.1	20.098
64	20.102
64	20.103
63.9	20.099
63.9	20.102
63.9	20.101
63.8	20.096
63.8	20.099
63.8	20.099
63.7	20.101
63.7	20.102
63.6	20.101
63.6	20.1
63.6	20.095
63.5	20.098
63.4	20.098
63.4	20.101
63.4	20.105
63.3	20.098
63.3	20.102
63.2	20.098
63.2	20.098
63.2	20.097
63.1	20.104
63	20.098
63	20.101
63	20.104
62.9	20.105
62.9	20.109
62.9	20.105
62.8	20.104
62.8	20.103
62.8	20.106
62.7	20.105
62.7	20.108
62.6	20.104
62.6	20.111
62.6	20.107
62.5	20.11
62.4	20.111
62.4	20.108
62.3	20.111
62.3	20.111
62.3	20.11
62.3	20.111
62.2	20.108
62.2	20.111
62.1	20.11
62	20.111
62	20.113
62	20.105
61.9	20.105
61.9	20.108
61.9	20.108
61.8	20.108
61.8	20.108
61.7	20.111
61.7	20.105
61.7	20.108
61.6	20.108
61.6	20.108
61.6	20.111
61.5	20.108
61.4	20.111
61.4	20.111
61.4	20.108
61.4	20.111
61.3	20.112
61.3	20.108
61.3	20.111
61.2	20.108
61.1	20.111
61.1	20.102
61.1	20.105
61	20.109
61	20.106
61	20.105
60.9	20.106
60.9	20.105
60.8	20.105
60.8	20.109
60.8	20.102
60.7	20.105
60.7	20.108
60.7	20.105
60.6	20.102
60.5	20.097
60.5	20.102
60.4	20.106
60.4	20.099
60.4	20.102
60.3	20.105
60.3	20.105
60.3	20.106
60.2	20.102
60.2	20.099
60.2	20.103
60.1	20.102
60.1	20.099
60.1	20.1
60	20.099
59.9	20.096
59.9	20.097
59.9	20.099
59.8	20.099
59.8	20.099
59.8	20.099
59.7	20.093
59.7	20.096
59.6	20.096
59.6	20.099
59.6	20.099
59.5	20.093
59.5	20.102
59.5	20.099
59.4	20.093
59.4	20.094
59.4	20.102
59.3	20.097
59.2	20.102
59.2	20.099
59.2	20.096
59.1	20.093
59.1	20.102
59	20.102
59	20.105
59	20.109
58.9	20.099
58.9	20.105
58.9	20.103
58.8	20.099
58.8	20.102
58.8	20.105
58.7	20.105
58.7	20.101
58.7	20.105
58.6	20.1
58.6	20.099
58.5	20.097
58.5	20.101
58.5	20.099
58.4	20.099
58.4	20.097
58.4	20.098
58.3	20.095
58.3	20.092
58.3	20.098
58.2	20.099
58.1	20.092
58.1	20.089
58.1	20.092
58	20.089
58	20.092
58	20.092
57.9	20.095
57.9	20.089
57.9	20.089
57.8	20.092
57.8	20.092
57.8	20.093
57.7	20.089
57.7	20.089
57.6	20.087
57.6	20.089
57.6	20.087
57.5	20.092
57.5	20.093
57.5	20.084
57.4	20.086
57.4	20.09
57.4	20.086
57.3	20.083
57.3	20.086
57.3	20.086
57.2	20.086
57.1	20.083
57.1	20.087
57.1	20.083
57	20.086
57	20.087
57	20.084
57	20.084
56.9	20.078
56.9	20.087
56.9	20.084
56.8	20.084
56.7	20.084
56.7	20.087
56.7	20.084
56.6	20.084
56.6	20.081
56.6	20.084
56.5	20.084
56.5	20.081
56.5	20.081
56.4	20.087
56.4	20.081
56.4	20.078
56.3	20.084
56.3	20.078
56.2	20.084
56.2	20.084
56.2	20.081
56.1	20.084
56.1	20.072
56.1	20.081
56	20.081
56	20.078
56	20.075
55.9	20.081
55.9	20.078
55.9	20.081
55.8	20.078
55.7	20.078
55.7	20.078
55.7	20.078
55.6	20.078
55.6	20.078
55.6	20.078
55.5	20.078
55.5	20.078
55.5	20.081
55.4	20.075
55.4	20.081
55.4	20.073
55.3	20.075
55.3	20.078
55.3	20.081
55.2	20.072
55.2	20.072
55.1	20.078
55.1	20.075
55.1	20.074
55.1	20.078
55	20.075
55	20.075
55	20.077
55	20.072
54.9	20.071
54.8	20.074
54.8	20.075
54.8	20.068
54.7	20.073
54.7	20.071
54.6	20.071
54.6	20.07
54.6	20.074
54.5	20.071
54.5	20.071
54.5	20.071
54.4	20.071
54.4	20.072
54.4	20.071
54.3	20.069
54.3	20.07
54.3	20.068
54.2	20.068
54.2	20.07
54.2	20.07
54.1	20.07
54.1	20.071
54.1	20.066
54	20.071
54	20.068
54	20.068
53.9	20.068
53.8	20.068
53.8	20.068
53.8	20.071
53.7	20.068
53.7	20.072
53.7	20.068
53.6	20.069
53.6	20.071
53.6	20.072
53.5	20.066
53.5	20.065
53.5	20.066
53.4	20.069
53.4	20.068
53.3	20.068
53.3	20.065
53.3	20.066
53.2	20.063
53.2	20.064
53.2	20.062
53.1	20.063
53.1	20.062
53.1	20.062
53	20.059
53	20.065
53	20.065
52.9	20.062
52.9	20.065
52.9	20.064
52.8	20.065
52.8	20.062
52.8	20.065
52.7	20.065
52.7	20.064
52.6	20.062
52.5	20.061
52.5	20.065
52.5	20.062
52.4	20.068
52.4	20.059
52.4	20.062
52.3	20.065
52.3	20.065
52.3	20.065
52.2	20.062
52.2	20.065
52.2	20.068
52.1	20.062
52.1	20.065
52.1	20.066
52	20.066
52	20.066
51.9	20.069
51.9	20.066
51.9	20.069
51.8	20.069
51.7	20.066
51.7	20.072
51.6	20.066
51.5	20.065
51.5	20.071
51.4	20.069
51.4	20.072
51.4	20.068
51.3	20.068
51.3	20.071
51.3	20.071
51.2	20.071
51.1	20.068
51.1	20.071
51.1	20.068
51	20.068
51	20.068
51	20.065
50.9	20.064
50.9	20.064
50.8	20.062
50.7	20.064
50.7	20.052
50.6	20.059
50.6	20.061
50.6	20.058
50.5	20.064
50.4	20.062
50.4	20.062
50.3	20.068
50.2	20.062
50.2	20.06
50.1	20.062
50.1	20.068
50	20.068
49.9	20.067
49.9	20.066
49.8	20.069
49.7	20.066
49.7	20.065
49.7	20.069
49.6	20.067
49.6	20.069
49.5	20.074
49.4	20.072
49.4	20.069
49.3	20.069
49.1	20.07
49.1	20.072
49.1	20.069
49	20.066
49	20.069
48.8	20.062
48.7	20.068
48.7	20.071
48.6	20.066
48.4	20.066
48.4	20.065
48.3	20.062
48.3	20.065
48.3	20.065
48.2	20.065
48.1	20.065
48.1	20.067
48	20.065
47.9	20.065
47.9	20.062
47.7	20.061
47.6	20.061
47.6	20.061
47.4	20.062
47.3	20.065
47.3	20.065
47.2	20.062
47.1	20.062
47.1	20.061
47	20.065
46.8	20.065
46.8	20.062
46.8	20.065
46.6	20.066
46.6	20.063
46.4	20.063
46.3	20.065
46.3	20.062
46.2	20.062
46.1	20.066
46.1	20.065
45.9	20.063
45.9	20.066
45.8	20.066
45.7	20.065
45.7	20.069
45.5	20.066
45.4	20.063
45.4	20.063
45.3	20.065
45.1	20.062
45.1	20.063
45	20.065
44.9	20.066
44.9	20.062
44.8	20.065
44.7	20.065
44.7	20.065
44.6	20.059
44.5	20.062
44.5	20.062
44.4	20.065
44.3	20.065
44.3	20.062
44.1	20.062
43.9	20.061
43.9	20.062
43.8	20.061
43.7	20.061
43.7	20.064
43.6	20.061
43.5	20.061
43.5	20.062
43.4	20.061
43.4	20.065
43.4	20.062
43.3	20.059
43.1	20.059
43.1	20.059
42.8	20.065
42.7	20.062
42.7	20.062
42.6	20.062
42.5	20.062
42.5	20.059
42.3	20.057
42.2	20.057
42.2	20.06
42.2	20.06
42.1	20.054
42.1	20.06
41.9	20.059
41.8	20.059
41.8	20.062
41.7	20.059
41.5	20.056
41.5	20.062
41.3	20.056
41.3	20.059
41.2	20.059
41	20.058
41	20.059
40.9	20.059
40.8	20.055
40.8	20.053
40.7	20.061
40.6	20.059
40.6	20.055
40.6	20.061
40.5	20.059
40.5	20.061
40.4	20.058
40.2	20.059
40.2	20.063
40.1	20.062
40	20.062
40	20.059
39.9	20.062
39.9	20.059
39.9	20.059
39.8	20.062
39.7	20.059
39.7	20.062
39.6	20.062
39.5	20.062
39.5	20.062
39.3	20.059
39.2	20.056
39.2	20.059
39.1	20.059
39	20.062
39	20.056
38.8	20.06
38.7	20.065
38.7	20.062
38.6	20.062
38.4	20.065
38.4	20.062
38.2	20.062
38.1	20.062
38.1	20.065
38	20.065
38	20.065
38	20.065
37.9	20.068
37.8	20.065
37.8	20.068
37.7	20.065
37.7	20.064
37.7	20.065
37.5	20.062
37.3	20.065
37.3	20.062
37.2	20.068
37.2	20.062
37.1	20.068
37	20.068
37	20.068
36.8	20.065
36.7	20.067
36.7	20.069
36.7	20.062
36.6	20.066
36.6	20.069
36.5	20.072
36.3	20.069
36.3	20.066
36.2	20.068
36	20.062
36	20.071
35.9	20.071
35.8	20.072
35.8	20.072
35.7	20.065
35.6	20.072
35.6	20.072
35.5	20.068
35.4	20.072
35.4	20.069
35.3	20.069
35.2	20.068
35.2	20.069
35.2	20.072
35.1	20.069
35.1	20.072
35	20.069
34.8	20.069
34.8	20.072
34.8	20.069
34.7	20.066
34.7	20.069
34.6	20.069
34.5	20.075
34.5	20.072
34.5	20.072
34.3	20.072
34.3	20.065
34.2	20.069
34.1	20.065
34.1	20.071
34.1	20.071
33.9	20.066
33.9	20.071
33.8	20.065
33.7	20.072
33.7	20.065
33.7	20.072
33.6	20.071
33.6	20.065
33.5	20.069
33.4	20.068
33.4	20.065
33.3	20.065
33.3	20.065
33.2	20.068
33.1	20.065
33.1	20.071
33	20.068
33	20.071
33	20.068
32.9	20.068
32.8	20.068
32.8	20.065
32.8	20.065
32.8	20.066
32.8	20.068
32.7	20.065
32.6	20.065
32.6	20.062
32.6	20.068
32.5	20.065
32.5	20.065
32.4	20.068
32.3	20.065
32.3	20.065
32.3	20.063
32.2	20.065
32.2	20.065
32.2	20.065
32.1	20.062
32.1	20.065
32	20.066
32	20.062
32	20.065
31.9	20.059
31.9	20.062
31.9	20.062
31.9	20.062
31.8	20.062
31.8	20.059
31.8	20.062
31.7	20.062
31.7	20.062
31.7	20.062
31.6	20.062
31.6	20.059
31.5	20.063
31.4	20.063
31.4	20.062
31.3	20.062
31.2	20.062
31.2	20.061
31.1	20.06
31	20.059
31	20.063
31	20.063
30.9	20.062
30.9	20.062
30.9	20.059
30.8	20.062
30.8	20.063
30.8	20.059
30.8	20.056
30.8	20.056
30.7	20.062
30.7	20.059
30.7	20.063
30.6	20.059
30.6	20.06
30.6	20.06
30.6	20.06
30.6	20.06
30.6	20.06
30.5	20.06
30.5	20.059
30.5	20.06
30.5	20.06
30.5	20.059
30.5	20.059
30.5	20.054
30.5	20.06
30.5	20.054
30.4	20.056
30.4	20.06
30.4	20.059
30.4	20.06
30.4	20.053
30.3	20.057
30.4	20.056
30.4	20.06
30.3	20.06
30.4	20.059
30.4	20.056
30.3	20.057
30.3	20.056
30.3	20.057
30.3	20.053
30.3	20.059
30.3	20.057
30.3	20.059
30.3	20.056
30.3	20.059
30.3	20.053
30.3	20.053
30.3	20.056
30.3	20.056
30.3	20.053
30.3	20.059
30.3	20.056
30.3	20.059
30.3	20.05
30.3	20.053
30.3	20.053
30.3	20.059
30.3	20.053
30.3	20.053
30.3	20.049
30.3	20.05
30.3	20.049
30.3	20.056
30.3	20.053
30.3	20.052
30.3	20.049
30.3	20.052
30.3	20.052
30.2	20.053
30.2	20.058
30.2	20.052
30.2	20.052
30.2	20.052
30.2	20.052
30.2	20.052
30.1	20.058
30.1	20.059
30.1	20.052
30.1	20.052
30.1	20.053
30	20.058
30	20.055
30	20.056
29.8	20.061
29.7	20.051
29.7	20.053
29.7	20.055
29.7	20.05
29.7	20.055
29.6	20.059
29.5	20.059
29.5	20.053
29.5	20.056
29.4	20.054
29.4	20.057
29.3	20.062
29.1	20.062
29.1	20.062
29.1	20.059
29	20.062
29	20.056
28.9	20.062
28.8	20.059
28.8	20.064
28.7	20.062
28.6	20.059
28.6	20.065
28.5	20.062
28.4	20.062
28.4	20.065
28.4	20.059
28.3	20.066
28.3	20.066
28.3	20.059
28.2	20.059
28.2	20.056
28	20.063
27.8	20.059
27.8	20.052
27.7	20.057
27.7	20.059
27.6	20.054
27.4	20.059
27.4	20.059
27.3	20.06
27.3	20.051
27.3	20.05
27.2	20.057
27	20.06
27	20.05
26.9	20.054
26.8	20.053
26.8	20.056
26.7	20.06
26.5	20.054
26.5	20.05
26.4	20.053
26.4	20.053
26.4	20.053
26.3	20.05
26.2	20.054
26.2	20.051
26.2	20.053
26.1	20.048
26.1	20.053
26	20.057
25.9	20.057
25.9	20.063
25.8	20.054
25.7	20.06
25.7	20.059
25.6	20.066
25.4	20.06
25.4	20.06
25.4	20.057
25.2	20.06
25.2	20.062
25.1	20.063
25	20.059
25	20.066
24.9	20.053
24.9	20.054
24.9	20.059
24.7	20.056
24.6	20.059
24.6	20.062
24.4	20.059
24.3	20.068
24.3	20.063
24.2	20.059
24.1	20.063
24.1	20.056
24.1	20.062
24	20.059
24	20.059
23.8	20.068
23.8	20.057
23.8	20.06
23.7	20.066
23.7	20.057
23.7	20.059
23.6	20.06
23.6	20.066
23.5	20.063
23.3	20.054
23.3	20.06
23.2	20.059
23.1	20.063
23.1	20.062
23.1	20.06
23	20.063
23	20.06
22.9	20.054
22.9	20.063
22.9	20.056
22.7	20.059
22.6	20.065
22.6	20.053
22.5	20.059
22.4	20.056
22.4	20.057
22.3	20.062
22.2	20.054
22.2	20.056
22.1	20.062
21.9	20.052
21.9	20.059
21.8	20.059
21.8	20.059
21.8	20.054
21.6	20.059
21.6	20.052
21.6	20.05
21.5	20.049
21.5	20.052
21.5	20.052
21.4	20.058
21.4	20.055
21.4	20.055
21.3	20.061
21.2	20.065
21.2	20.062
21.1	20.061
20.9	20.055
20.9	20.059
20.7	20.058
20.6	20.058
20.6	20.053
20.6	20.053
20.5	20.052
20.5	20.049
20.4	20.052
20.4	20.058
20.3	20.058
20.3	20.058
20.3	20.057
20.2	20.051
20.1	20.058
20.1	20.058
20	20.058
19.8	20.056
19.8	20.056
19.8	20.053
19.6	20.055
19.6	20.051
19.6	20.056
19.5	20.053
19.5	20.052
19.5	20.053
19.4	20.052
19.4	20.058
19.3	20.061
19.2	20.062
19.2	20.056
19.1	20.053
19.1	20.059
19.1	20.055
19	20.052
18.9	20.062
18.9	20.064
18.8	20.059
18.7	20.065
18.7	20.062
18.6	20.062
18.6	20.061
18.6	20.062
18.5	20.055
18.4	20.065
18.4	20.062
18.4	20.059
18.3	20.065
18.3	20.062
18.2	20.065
18	20.062
18	20.068
17.9	20.068
17.9	20.068
17.9	20.068
17.9	20.068
17.8	20.065
17.8	20.068
17.7	20.071
17.6	20.068
17.6	20.061
17.6	20.068
17.5	20.064
17.5	20.065
17.5	20.074
17.5	20.071
17.4	20.068
17.2	20.07
17.2	20.071
17.1	20.068
17	20.068
17	20.071
16.9	20.068
16.8	20.065
16.8	20.071
16.8	20.071
16.7	20.074
16.7	20.071
16.6	20.074
16.6	20.071
16.6	20.068
16.5	20.074
16.5	20.068
16.5	20.074
16.4	20.077
16.3	20.074
16.3	20.074
16.2	20.074
16.2	20.078
16.2	20.078
16	20.077
16	20.081
16	20.083
15.9	20.078
15.9	20.078
15.9	20.08
15.8	20.084
15.7	20.086
15.7	20.081
15.7	20.078
15.6	20.087
15.6	20.083
15.6	20.081
15.5	20.081
15.5	20.081
15.4	20.084
15.3	20.087
15.3	20.088
15.3	20.091
15.2	20.09
15.2	20.093
15	20.09
14.9	20.091
14.9	20.093
14.8	20.09
14.7	20.09
14.7	20.093
14.7	20.096
14.6	20.097
14.6	20.096
14.5	20.098
14.5	20.091
14.5	20.093
14.5	20.089
14.5	20.095
14.4	20.089
14.2	20.092
14.2	20.099
14.1	20.098
14	20.089
14	20.092
13.9	20.097
13.9	20.105
13.9	20.094
13.8	20.098
13.7	20.099
13.7	20.099
13.6	20.099
13.6	20.102
13.6	20.102
13.6	20.099
13.4	20.095
13.4	20.099
13.4	20.093
13.2	20.099
13.2	20.101
13.1	20.099
13.1	20.099
13.1	20.094
13	20.096
12.9	20.1
12.9	20.093
12.8	20.1
12.8	20.099
12.8	20.1
12.7	20.099
12.7	20.099
12.7	20.103
12.6	20.09
12.5	20.096
12.5	20.097
12.4	20.096
12.3	20.098
12.3	20.093
12.2	20.099
12.1	20.092
12.1	20.093
12.1	20.092
12	20.099
12	20.099
11.9	20.095
11.9	20.096
11.9	20.092
11.8	20.095
11.7	20.098
11.7	20.095
11.6	20.095
11.5	20.092
11.5	20.092
11.5	20.092
11.4	20.098
11.4	20.089
11.4	20.092
11.4	20.099
11.3	20.095
11.2	20.092
11.2	20.092
11.2	20.092
11.1	20.092
11.1	20.089
11	20.089
10.9	20.093
10.9	20.09
10.8	20.09
10.7	20.092
10.7	20.09
10.7	20.087
10.6	20.093
10.6	20.09
10.5	20.093
10.4	20.093
10.4	20.099
10.3	20.087
10.3	20.093
10.3	20.087
10.3	20.09
10.2	20.093
10.2	20.096
10.2	20.087
10.1	20.091
10.1	20.093
10	20.093
9.9	20.093
9.9	20.089
9.8	20.087
9.7	20.087
9.7	20.09
9.6	20.087
9.6	20.088
9.6	20.084
9.5	20.087
9.5	20.084
9.5	20.087
9.4	20.086
9.4	20.083
9.4	20.087
9.3	20.086
9.2	20.086
9.2	20.083
9.1	20.083
9	20.086
9	20.084
8.9	20.083
8.8	20.083
8.8	20.086
8.8	20.083
8.7	20.083
8.7	20.08
8.7	20.086
8.7	20.08
8.6	20.083
8.6	20.08
8.6	20.077
8.5	20.076
8.5	20.079
8.5	20.08
8.4	20.08
8.3	20.08
8.3	20.078
8.3	20.076
8.2	20.08
8.2	20.076
8.2	20.077
8.2	20.074
8.2	20.074
8.1	20.076
8	20.077
8	20.076
8	20.074
7.9	20.074
7.9	20.077
7.8	20.074
7.7	20.077
7.7	20.074
7.6	20.077
7.5	20.077
7.5	20.077
7.4	20.078
7.4	20.075
7.4	20.081
7.3	20.078
7.2	20.078
7.2	20.078
7.1	20.078
7	20.078
7	20.075
6.9	20.075
6.8	20.072
6.8	20.074
6.8	20.074
6.8	20.075
6.8	20.075
6.7	20.075
6.6	20.078
6.6	20.075
6.6	20.078
6.5	20.078
6.5	20.075
6.5	20.075
6.5	20.078
6.5	20.075
6.4	20.078
6.4	20.081
6.4	20.078
6.3	20.075
6.3	20.078
6.2	20.078
6.1	20.078
6.1	20.075
6	20.075
5.9	20.074
5.9	20.074
5.8	20.072
5.8	20.074
5.8	20.075
5.7	20.075
5.7	20.075
5.7	20.078
5.6	20.077
5.6	20.072
5.6	20.077
5.5	20.074
5.4	20.069
5.4	20.074
5.4	20.071
5.4	20.071
5.4	20.071
5.3	20.074
5.3	20.071
5.3	20.074
5.2	20.074
5.1	20.074
5.1	20.074
5.1	20.074
4.9	20.071
4.9	20.071
4.8	20.074
4.8	20.074
4.8	20.071
4.7	20.074
4.7	20.071
4.7	20.071
4.6	20.074
4.5	20.068
4.5	20.074
4.4	20.071
4.4	20.071
4.4	20.07
4.4	20.073
4.4	20.074
4.4	20.074
4.3	20.074
4.3	20.074
4.3	20.075
4.2	20.074
4.2	20.073
4.2	20.072
4.1	20.074
4	20.074
4	20.075
3.9	20.071
3.8	20.077
3.8	20.077
3.7	20.077
3.7	20.074
3.7	20.074
3.7	20.074
3.7	20.084
3.7	20.08
3.6	20.078
3.6	20.08
3.6	20.078
3.5	20.079
3.5	20.078
3.5	20.077
3.4	20.08
3.4	20.074
3.3	20.074
3.2	20.077
3.2	20.077
3.2	20.077
3.1	20.077
3.1	20.074
3.1	20.077
3.1	20.079
3.1	20.077
3	20.08
2.9	20.077
2.9	20.079
2.8	20.08
2.8	20.074
2.8	20.077
2.8	20.08
2.7	20.077
2.7	20.077
2.6	20.08
2.5	20.08
2.5	20.083
2.5	20.08
2.4	20.077
2.4	20.08
2.4	20.077
2.4	20.08
2.4	20.077
2.4	20.077
2.3	20.083
2.3	20.083
2.3	20.083
2.1	20.083
2.1	20.084
2.1	20.08
2	20.08
2	20.08
2	20.084
2	20.081
2	20.086
1.9	20.08
1.9	20.08
1.9	20.083
1.7	20.083
1.7	20.081
1.7	20.084
1.6	20.087
1.6	20.083
1.6	20.086
1.5	20.086
1.5	20.08
1.4	20.084
1.3	20.086
1.3	20.086
1.3	20.087
1.3	20.083
1.3	20.086
1.2	20.086
1.2	20.083
1.2	20.083
1.1	20.086
1.1	20.086
1.1	20.089
1	20.086
0.9	20.083
0.9	20.089
0.9	20.083
0.9	20.086
0.9	20.086
0.8	20.083
0.7	20.086
0.7	20.086
0.7	20.086
0.7	20.083
0.7	20.086
0.6	20.089
0.6	20.086
0.6	20.089
0.5	20.086
0.5	20.089
0.5	20.086
0.4	20.086
0.3	20.083
0.3	20.089
0.3	20.092
0.3	20.086
0.3	20.086
0.1	20.089
0	20.086
0	20.089
-0.1	20.086
-0.1	20.086
-0.1	20.086
-0.2	20.086
-0.2	20.089
-0.2	20.089
-0.2	20.086
-0.3	20.086
-0.3	20.086
-0.3	20.083
-0.4	20.09
-0.4	20.086
0	20.087
0	20.087
-0.6	20.089
-0.7	20.09
-0.7	20.086
-0.8	20.086
-0.8	20.089
-0.8	20.09
-0.9	20.088
-0.9	20.087
-0.9	20.088
-0.9	20.089
-1	20.088
-1	20.087
-1	20.09
-1	20.09
-1	20.09
-1.1	20.09
-1.2	20.093
-1.2	20.087
-1.3	20.093
-1.4	20.093
-1.4	20.09
-1.4	20.087
-1.5	20.087
-1.5	20.09
0	20.093
0	20.093
0	20.09
0	20.091
-1.6	20.093
-1.6	20.096
-1.6	20.093
-1.6	20.096
-1.6	20.09
-1.7	20.093
-1.7	20.096
-1.7	20.093
-1.8	20.099
-1.9	20.1
-1.9	20.099
-1.9	20.099
-1.9	20.1
-1.9	20.1
-2	20.097
-2.1	20.099
-2.1	20.102
-2.2	20.099
-2.2	20.099
-2.2	20.091
-2.2	20.093
-2.2	20.099
-2.2	20.099
-2.3	20.105
-2.3	20.099
-2.3	20.105
-2.3	20.102
-2.3	20.099
-2.4	20.102
-2.5	20.105
-2.5	20.099
-2.6	20.105
0	20.101
0	20.095
-2.7	20.102
-2.8	20.099
-2.8	20.105
-2.9	20.101
-2.9	20.098
-2.9	20.096
-2.9	20.102
-2.9	20.102
-2.9	20.101
-3	20.101
-3.1	20.099
-3.1	20.102
-3.1	20.105
-3.2	20.104
-3.2	20.108
-3.2	20.104
-3.2	20.108
-3.2	20.098
-3.2	20.099
-3.2	20.095
-3.2	20.099
-3.3	20.099
-3.3	20.096
-3.3	20.105
-3.4	20.102
-3.5	20.098
-3.5	20.099
-3.6	20.099
-3.6	20.102
-3.6	20.089
-3.7	20.092
0	20.097
0	20.096
0	20.093
-3.8	20.095
-3.8	20.09
-3.9	20.09
-3.9	20.09
-3.9	20.099
-3.9	20.093
-4	20.093
-4	20.098
0	20.09
0	20.094
0	20.09
-4.2	20.091
-4.2	20.093
-4.2	20.093
-4.3	20.09
-4.3	20.093
-4.3	20.093
-4.3	20.09
-4.3	20.084
-4.4	20.087
-4.5	20.093
-4.5	20.09
-4.5	20.088
-4.5	20.089
-4.5	20.089
-4.5	20.093
-4.6	20.089
-4.6	20.092
-4.6	20.089
-4.7	20.093
-4.7	20.089
-4.7	20.092
-4.7	20.089
-4.7	20.102
-4.8	20.097
-4.8	20.095
-4.8	20.094
-5	20.098
-5	20.101
-5	20.099
-5.1	20.105
0	20.098
0	20.099
0	20.099
-5.2	20.102
-5.2	20.099
-5.3	20.099
-5.3	20.099
-5.3	20.104
-5.4	20.099
-5.4	20.102
-5.4	20.102
-5.5	20.102
-5.5	20.1
-5.5	20.103
-5.6	20.108
-5.7	20.1
-5.7	20.099
-5.8	20.103
-5.8	20.109
-5.8	20.106
-5.9	20.109
-5.9	20.112
-5.9	20.111
-5.9	20.111
-6	20.109
-6	20.108
-6.1	20.105
-6.2	20.106
-6.2	20.111
0	20.108
0	20.105
0	20.108
0	20.108
0	20.105
-6.4	20.105
-6.4	20.108
-6.4	20.104
-6.4	20.105
-6.5	20.111
-6.5	20.098
-6.5	20.099
-6.5	20.102
-6.5	20.101
-6.6	20.102
-6.6	20.092
-6.6	20.098
-6.7	20.102
-6.7	20.101
-6.7	20.099
-6.8	20.102
-6.9	20.099
-6.9	20.095
-7	20.099
-7	20.099
-7	20.093
-7	20.099
-7.1	20.093
-7.1	20.096
-7.1	20.099
-7.2	20.09
-7.2	20.087
-7.3	20.09
0	20.091
0	20.09
0	20.09
0	20.087
0	20.09
0	20.094
0	20.088
0	20.091
-7.5	20.099
-7.5	20.091
-7.5	20.087
-7.5	20.087
-7.6	20.087
-7.6	20.086
-7.6	20.092
-7.7	20.084
-7.7	20.093
-7.7	20.083
-7.8	20.09
-7.8	20.089
-7.8	20.089
-7.9	20.086
-7.9	20.086
-7.9	20.089
-8	20.088
-8	20.086
-8.1	20.092
-8.1	20.092
-8.1	20.086
-8.1	20.089
-8.1	20.091
-8.1	20.089
-8.1	20.089
-8.1	20.089
-8.2	20.086
-8.2	20.089
-8.2	20.094
-8.3	20.089
-8.3	20.092
-8.3	20.09
-8.4	20.089
-8.5	20.093
-8.5	20.099
-8.6	20.105
-8.7	20.097
-8.7	20.095
-8.8	20.093
-8.8	20.093
-8.8	20.088
-8.8	20.087
-8.8	20.09
-8.8	20.087
-8.8	20.084
-8.9	20.085
-8.9	20.087
-9	20.09
-9.1	20.094
-9.1	20.091
-9.1	20.093
-9.1	20.093
-9.1	20.095
-9.2	20.093
-9.3	20.087
-9.3	20.089
-9.3	20.089
-9.4	20.099
-9.4	20.099
-9.5	20.106
-9.5	20.099
-9.5	20.105
-9.5	20.105
-9.5	20.087
-9.5	20.09
-9.6	20.09
-9.6	20.078
-9.6	20.084
-9.6	20.078
-9.7	20.099
-9.7	20.094
-9.7	20.09
-9.8	20.094
-9.8	20.087
-9.8	20.076
-9.8	20.072
-9.8	20.075
-9.8	20.079
-9.8	20.081
-9.8	20.066
-9.9	20.087
-9.9	20.072
-10	20.078
-10.1	20.084
-10.1	20.069
-10.1	20.074
-10.2	20.065
-10.2	20.069
-10.2	20.06
-10.3	20.063
-10.3	20.069
-10.3	20.069
-10.3	20.06
-10.3	20.06
-10.4	20.062
-10.4	20.069
-10.4	20.063
-10.4	20.066
-10.5	20.063
-10.5	20.066
-10.6	20.069
-10.6	20.072
-10.6	20.069
-10.7	20.066
-10.7	20.063
-10.7	20.075
-10.7	20.075
-10.8	20.053
-10.8	20.059
-10.9	20.06
-10.9	20.065
-10.9	20.062
-11	20.071
-11	20.072
-11	20.066
-11	20.069
-11.1	20.075
-11.1	20.075
-11.1	20.075
-11.1	20.069
-11.1	20.069
-11.2	20.087
-11.3	20.093
-11.3	20.087
-11.4	20.092
-11.4	20.097
-11.4	20.093
-11.5	20.087
-11.5	20.075
-11.5	20.078
-11.5	20.083
-11.5	20.084
-11.5	20.072
-11.5	20.072
-11.5	20.078
-11.5	20.079
-11.5	20.082
-11.5	20.083
-11.6	20.086
-11.6	20.084
-11.6	20.091
-11.7	20.071
-11.8	20.077
-11.8	20.069
-11.8	20.07
-11.9	20.074
-11.9	20.079
-11.9	20.068
-12	20.072
-12	20.059
-12	20.068
-12	20.069
-12	20.062
-12.1	20.072
-12.1	20.069
-12.1	20.062
-12.1	20.065
-12.2	20.059
-12.2	20.065
-12.2	20.065
-12.3	20.066
-12.3	20.068
-12.4	20.062
-12.4	20.064
-12.4	20.079
-12.4	20.072
-12.5	20.081
-12.5	20.071
-12.5	20.083
-12.6	20.068
-12.6	20.075
-12.6	20.083
-12.7	20.08
-12.7	20.077
-12.7	20.08
-12.6	20.065
-12.6	20.061
-12.7	20.062
-12.8	20.065
-12.8	20.074
-12.8	20.069
-12.8	20.068
-12.8	20.071
-12.9	20.073
-12.9	20.075
-12.9	20.074
-13	20.074
-13.1	20.077
-13.1	20.074
-13.1	20.071
-13.2	20.074
-13.2	20.077
-13.3	20.071
-13.3	20.08
-13.3	20.077
-13.4	20.083
-13.4	20.093
-13.4	20.092
-13.5	20.085
-13.5	20.089
-13.5	20.098
-13.5	20.086
-13.5	20.092
-13.5	20.089
-13.6	20.095
-13.6	20.098
-13.7	20.095
-13.7	20.093
-13.7	20.096
-13.7	20.086
-13.8	20.086
-13.8	20.092
-13.9	20.092
-13.9	20.101
-13.9	20.102
-14	20.095
-13.9	20.099
-13.9	20.092
-14	20.086
-14	20.086
-14	20.09
-14.1	20.092
-14.1	20.099
-14.1	20.087
-14.2	20.093
-14.2	20.087
-14.2	20.087
-14.3	20.102
-14.3	20.099
-14.3	20.093
-14.3	20.105
-14.4	20.093
-14.4	20.102
-14.5	20.102
-14.6	20.09
-14.6	20.093
-14.6	20.093
-14.6	20.09
-14.6	20.099
-14.6	20.089
-14.7	20.099
-14.7	20.093
-14.7	20.093
-14.7	20.095
-14.7	20.093
-14.8	20.1
-14.9	20.102
-14.9	20.093
-14.9	20.093
-14.9	20.09
-14.9	20.097
-14.9	20.093
-14.9	20.093
-14.9	20.096
-15	20.099
-15	20.097
-15	20.097
-15	20.1
-15	20.102
-15.1	20.099
-15.1	20.093
-15.1	20.099
-15.2	20.102
-15.2	20.102
-15.2	20.1
-15.3	20.109
-15.4	20.105
-15.4	20.099
-15.4	20.096
-15.4	20.099
-15.4	20.098
-15.5	20.103
-15.5	20.102
-15.5	20.101
-15.5	20.105
-15.6	20.096
-15.6	20.096
-15.6	20.099
-15.6	20.11
-15.6	20.099
-15.7	20.105
-15.8	20.108
-15.8	20.102
-15.8	20.102
-15.8	20.102
-15.8	20.101
-15.9	20.102
-15.9	20.102
-15.9	20.107
-15.9	20.105
-16	20.102
-16	20.111
-16	20.105
-16	20.101
-16	20.108
-16.1	20.105
-16.2	20.105
-16.2	20.108
-16.2	20.114
-16.2	20.11
-16.2	20.11
-16.3	20.111
-16.4	20.111
-16.4	20.113
-16.4	20.114
-16.4	20.11
-16.4	20.116
-16.5	20.114
-16.5	20.111
-16.5	20.117
-16.5	20.114
-16.5	20.114
-16.6	20.114
-16.6	20.114
-16.6	20.111
-16.6	20.11
-16.6	20.117
-16.6	20.113
-16.7	20.114
-16.7	20.117
-16.7	20.12
-16.7	20.126
-16.8	20.123
-16.8	20.13
-16.9	20.123
-16.9	20.123
-16.9	20.13
-17	20.127
-17	20.133
-17	20.129
-17	20.127
-17.1	20.13
-17.1	20.139
-17.1	20.136
-17.2	20.136
-17.2	20.14
-17.2	20.133
-17.2	20.13
-17.2	20.127
-17.3	20.13
-17.3	20.13
-17.3	20.127
-17.4	20.14
-17.4	20.133
-17.4	20.142
-17.4	20.133
-17.5	20.133
-17.5	20.134
-17.6	20.133
-17.6	20.136
-17.6	20.134
-17.6	20.139
-17.7	20.14
-17.7	20.133
-17.7	20.142
-17.7	20.13
-17.7	20.133
-17.7	20.139
-17.8	20.131
-17.8	20.127
-17.8	20.139
-17.8	20.133
-17.8	20.142
-17.8	20.139
-17.8	20.138
-17.9	20.13
-18	20.133
-18	20.136
-18	20.126
-18.1	20.141
-18.1	20.132
-18.1	20.135
-18.2	20.128
-18.2	20.132
-18.1	20.129
-18.2	20.126
-18.2	20.14
-18.2	20.129
-18.2	20.132
-18.2	20.132
-18.3	20.123
-18.3	20.138
-18.3	20.146
-18.3	20.135
-18.4	20.144
-18.4	20.142
-18.4	20.138
-18.4	20.139
-18.4	20.136
-18.4	20.142
-18.5	20.145
-18.5	20.139
-18.5	20.148
-18.6	20.142
-18.6	20.142
-18.6	20.151
-18.7	20.145
-18.7	20.133
-18.7	20.135
-18.7	20.135
-18.7	20.133
-18.7	20.155
-18.8	20.145
-18.8	20.154
-18.8	20.144
-18.8	20.139
-18.8	20.151
-18.9	20.145
-18.9	20.151
-18.9	20.151
-18.9	20.148
-19	20.148
-19	20.139
-19.1	20.142
-19.1	20.138
-19.1	20.148
-19.1	20.138
-19.2	20.142
-19.2	20.145
-19.3	20.145
-19.3	20.144
-19.3	20.147
-19.3	20.147
-19.3	20.15
-19.4	20.15
-19.4	20.148
-19.4	20.144
-19.4	20.15
-19.5	20.147
-19.5	20.144
-19.4	20.15
-19.5	20.144
-19.5	20.154
-19.4	20.166
-19.6	20.154
-19.6	20.151
-19.7	20.148
-19.7	20.148
-19.7	20.157
-19.7	20.145
-19.7	20.148
-19.7	20.154
-19.7	20.145
-19.8	20.16
-19.8	20.152
-19.9	20.151
-19.9	20.151
-19.9	20.152
-19.9	20.16
-20	20.158
-20	20.148
-20	20.154
-20	20.149
-20	20.16
-20	20.154
-20	20.157
-20	20.164
-20.1	20.16
-20.2	20.16
-20.2	20.157
-20.2	20.167
-20.2	20.166
-20.2	20.16
-20.3	20.16
-20.3	20.16
-20.3	20.154
-20.3	20.151
-20.3	20.159
-20.3	20.153
-20.4	20.16
-20.4	20.162
-20.4	20.159
-20.5	20.153
-20.5	20.156
-20.5	20.159
-20.5	20.156
-20.6	20.156
-20.6	20.156
-20.6	20.156
-20.6	20.162
-20.6	20.16
-20.7	20.156
-20.7	20.158
-20.7	20.163
-20.7	20.154
-20.7	20.155
-20.8	20.162
-20.8	20.153
-20.8	20.162
-20.9	20.159
-20.9	20.159
-20.9	20.154
-20.9	20.159
-21	20.159
-21	20.159
-21	20.162
-21.1	20.156
-21.1	20.157
-21.1	20.159
-21.1	20.157
-21.1	20.159
-21.2	20.162
-21.2	20.162
-21.2	20.162
-21.2	20.156
-21.2	20.165
-21.2	20.159
-21.2	20.165
-21.2	20.165
-21.2	20.161
-21.3	20.169
-21.3	20.159
-21.3	20.171
-21.4	20.162
-21.5	20.163
-21.5	20.163
-21.5	20.169
-21.6	20.163
-21.6	20.163
-21.6	20.165
-21.6	20.166
-21.6	20.166
-21.6	20.163
-21.6	20.166
-21.6	20.163
-21.6	20.157
-21.6	20.16
-21.6	20.166
-21.6	20.157
-21.7	20.181
-21.7	20.17
-21.8	20.172
-21.8	20.163
-21.8	20.158
-21.9	20.169
-21.9	20.165
-21.9	20.163
-21.9	20.163
-21.9	20.163
-22	20.163
-22	20.16
-22	20.167
-22	20.161
-22	20.16
-22	20.173
-22	20.17
-22.1	20.169
-22.1	20.166
-22.1	20.16
-22.2	20.173
-22.2	20.169
-22.3	20.163
-22.3	20.161
-22.3	20.167
-22.3	20.173
-22.3	20.164
-22.3	20.161
-22.4	20.163
-22.4	20.167
-22.4	20.163
-22.4	20.166
-22.4	20.16
-22.4	20.167
-22.4	20.172
-22.5	20.166
-22.5	20.17
-22.5	20.164
-22.5	20.163
-22.5	20.169
-22.6	20.17
-22.6	20.179
-22.6	20.167
-22.6	20.16
-22.6	20.158
-22.6	20.176
-22.7	20.163
-22.6	20.16
-22.6	20.157
-22.7	20.17
-22.8	20.176
-22.8	20.17
-22.8	20.173
-22.8	20.17
-22.8	20.17
-22.8	20.172
-22.9	20.166
-22.9	20.167
-22.9	20.169
-23	20.163
-23	20.157
-23.1	20.161
-23.1	20.154
-23.1	20.173
-23.1	20.16
-23.1	20.161
-23.1	20.165
-23.2	20.17
-23.2	20.181
-23.3	20.166
-23.4	20.178
-23.4	20.172
-23.4	20.163
-23.4	20.163
-23.4	20.163
-23.5	20.166
-23.6	20.169
-23.6	20.172
-23.5	20.172
-23.6	20.166
-23.6	20.153
-23.7	20.162
-23.7	20.159
-23.7	20.166
-23.8	20.157
-23.8	20.172
-23.8	20.169
-23.8	20.166
-23.8	20.169
-23.8	20.166
-23.8	20.172
-23.9	20.157
-23.9	20.16
-24	20.166
-24	20.165
-24	20.166
-24	20.162
-24	20.182
-24	20.178
-24	20.163
-24	20.163
-24	20.169
-24.1	20.151
-24.1	20.163
-24.1	20.157
-24.2	20.151
-24.2	20.157
-24.2	20.17
-24.2	20.166
-24.2	20.154
-24.2	20.148
-24.3	20.151
-24.3	20.167
-24.3	20.163
-24.3	20.163
-24.3	20.176
-24.3	20.164
-24.3	20.162
-24.3	20.166
-24.3	20.16
-24.3	20.163
-24.3	20.16
-24.3	20.165
-24.3	20.151
-24.3	20.166
-24.4	20.162
-24.4	20.17
-24.4	20.167
-24.5	20.158
-24.6	20.161
-24.6	20.163
-24.7	20.157
-24.7	20.159
-24.7	20.157
-24.7	20.151
-24.7	20.157
-24.7	20.154
-24.7	20.163
-24.7	20.164
-24.7	20.163
-24.7	20.166
-24.8	20.163
-24.8	20.166
-24.8	20.16
-24.9	20.154
-24.9	20.16
-25	20.166
-25	20.151
-25	20.16
-25	20.16
-25	20.163
-25	20.16
-25	20.169
-25.1	20.159
-25.1	20.154
-25.1	20.151
-25.1	20.16
-25.1	20.157
-25.1	20.163
-25.2	20.163
-25.2	20.16
-25.2	20.157
-25.2	20.151
-25.2	20.16
-25.3	20.157
-25.3	20.16
-25.3	20.157
-25.3	20.159
-25.4	20.162
-25.4	20.159
-25.4	20.156
-25.4	20.154
-25.4	20.156
-25.4	20.16
-25.4	20.156
-25.4	20.15
-25.4	20.156
-25.5	20.153
-25.5	20.153
-25.5	20.159
-25.5	20.147
-25.6	20.159
-25.6	20.153
-25.6	20.156
-25.6	20.153
-25.6	20.159
-25.6	20.156
-25.7	20.153
-25.7	20.159
-25.7	20.156
-25.7	20.156
-25.7	20.15
-25.7	20.156
-25.8	20.156
-25.8	20.156
-25.8	20.166
-25.8	20.159
-25.9	20.165
-25.9	20.159
-25.9	20.159
-25.9	20.159
-25.9	20.157
-25.9	20.159
-25.9	20.16
-25.9	20.169
-26	20.15
-26.1	20.154
-26.1	20.162
-26.1	20.16
-26.2	20.166
-26.2	20.166
-26.2	20.157
-26.2	20.157
-26.2	20.16
-26.2	20.16
-26.3	20.16
-26.3	20.157
-26.3	20.162
-26.3	20.157
-26.3	20.157
-26.4	20.163
-26.4	20.157
-26.4	20.16
-26.4	20.169
-26.5	20.154
-26.5	20.154
-26.5	20.151
-26.5	20.154
-26.5	20.157
-26.5	20.157
-26.6	20.16
-26.6	20.16
-26.7	20.163
-26.7	20.16
-26.7	20.171
-26.8	20.154
-26.8	20.162
-26.8	20.164
-26.9	20.166
-26.9	20.163
-26.8	20.159
-26.8	20.159
-26.8	20.156
-26.8	20.156
-26.8	20.163
-26.8	20.157
-26.9	20.157
-26.9	20.159
-26.9	20.159
-27	20.153
-27	20.153
-27	20.159
-27	20.159
-27.1	20.162
-27.1	20.165
-27.1	20.159
-27.2	20.16
-27.2	20.159
-27.2	20.162
-27.3	20.159
-27.3	20.162
-27.3	20.165
-27.3	20.165
-27.3	20.165
-27.3	20.159
-27.3	20.166
-27.3	20.162
-27.4	20.159
-27.4	20.163
-27.4	20.162
-27.4	20.159
-27.5	20.157
-27.5	20.165
-27.5	20.159
-27.6	20.165
-27.6	20.166
-27.5	20.165
-27.5	20.165
-27.5	20.165
-27.5	20.159
-27.6	20.165
-27.6	20.165
-27.6	20.162
-27.6	20.168
-27.6	20.159
-27.7	20.171
-27.8	20.168
-27.8	20.169
-27.8	20.163
-27.8	20.165
-27.8	20.162
-27.8	20.165
-27.8	20.162
-27.8	20.163
-27.8	20.159
-27.8	20.165
-27.8	20.159
-27.8	20.162
-27.8	20.162
-27.8	20.165
-27.8	20.163
-27.8	20.162
-27.9	20.165
-27.9	20.156
-27.9	20.161
-27.9	20.16
-28	20.163
-28	20.162
-28	20.153
-28	20.162
-28	20.168
-28	20.165
-28	20.168
-28	20.165
-28	20.168
-28	20.162
-28	20.168
-28	20.165
-28.1	20.162
-28.1	20.168
-28.2	20.168
-28.2	20.165
-28.2	20.169
-28.2	20.171
-28.2	20.16
-28.2	20.162
-28.2	20.159
-28.2	20.159
-28.2	20.172
-28.2	20.17
-28.3	20.159
-28.3	20.174
-28.3	20.165
-28.3	20.166
-28.3	20.156
-28.4	20.171
-28.4	20.164
-28.4	20.171
-28.5	20.178
-28.5	20.168
-28.5	20.174
-28.5	20.171
-28.5	20.176
-28.5	20.171
-28.6	20.178
-28.6	20.172
-28.6	20.171
-28.6	20.178
-28.7	20.171
-28.7	20.181
-28.7	20.168
-28.7	20.17
-28.7	20.165
-28.8	20.168
-28.8	20.187
-28.8	20.165
-28.8	20.181
-28.8	20.186
-28.9	20.18
-29	20.163
-29	20.168
-29	20.165
-29	20.162
-29	20.159
-29	20.162
-29	20.165
-29	20.166
-29	20.165
-29.1	20.168
-29.1	20.162
-29.1	20.166
-29.2	20.162
-29.2	20.165
-29.2	20.162
-29.2	20.162
-29.2	20.166
-29.2	20.155
-29.2	20.163
-29.2	20.161
-29.3	20.166
-29.3	20.159
-29.3	20.166
-29.3	20.172
-29.3	20.175
-29.3	20.166
-29.4	20.166
-29.4	20.163
-29.4	20.172
-29.5	20.166
-29.5	20.169
-29.5	20.169
-29.5	20.175
-29.6	20.172
-29.6	20.182
-29.7	20.172
-29.7	20.188
-29.7	20.175
-29.7	20.196
-29.7	20.182
-29.7	20.169
-29.7	20.185
-29.7	20.185
-29.7	20.188
-29.8	20.178
-29.8	20.184
-29.8	20.182
-29.8	20.178
-29.81	20.188
-29.9	20.187
-29.9	20.19
-29.9	20.179
-29.9	20.197
-30	20.19
-30	20.191
-30	20.191
-30	20.193
-30	20.185
-30	20.188
-30	20.188
-30	20.188
-30.1	20.184
-30.1	20.191
-30.1	20.182
-30.2	20.166
-30.2	20.179
-30.2	20.176
-30.2	20.179
-30.3	20.182
-30.3	20.179
-30.3	20.172
-30.3	20.182
-30.3	20.182
-30.3	20.182
-30.4	20.185
-30.4	20.191
-30.5	20.185
-30.5	20.178
-30.5	20.197
-30.6	20.199
-30.6	20.172
-30.6	20.206
-30.6	20.181
-30.6	20.2
-30.6	20.2
-30.6	20.202
-30.6	20.196
-30.6	20.181
-30.6	20.2
-30.7	20.181
-30.7	20.196
-30.7	20.193
-30.8	20.195
-30.8	20.198
-30.8	20.206
-30.8	20.215
-30.8	20.208
-30.8	20.221
-30.9	20.205
-30.9	20.211
-31	20.202
-31	20.218
-31	20.19
-31	20.189
-31.1	20.208
-31.1	20.196
-31.1	20.202
-31.1	20.194
-31.1	20.19
-31.1	20.193
-31.1	20.227
-31.2	20.221
-31.2	20.193
-31.2	20.196
-31.3	20.219
-31.3	20.208
-31.3	20.218
-31.3	20.218
-31.3	20.205
-31.3	20.19
-31.3	20.194
-31.3	20.184
-31.3	20.207
-31.3	20.207
-31.3	20.187
-31.3	20.19
-31.4	20.205
-31.4	20.196
-31.4	20.211
-31.5	20.202
-31.5	20.194
-31.5	20.214
-31.6	20.214
-31.6	20.196
-31.6	20.214
-31.6	20.213
-31.6	20.219
-31.6	20.196
-31.7	20.22
-31.7	20.219
-31.7	20.189
-31.7	20.19
-31.7	20.226
-31.7	20.189
-31.8	20.195
-31.8	20.21
-31.8	20.192
-31.8	20.21
-31.9	20.223
-31.9	20.232
-31.9	20.201
-31.9	20.205
-31.9	20.216
-31.9	20.214
-32	20.196
-32	20.226
-32	20.202
-32	20.202
-32	20.207
-32	20.22
-32	20.196
-32	20.232
-32.1	20.229
-32.1	20.196
-32.1	20.192
-32.2	20.208
-32.2	20.23
-32.2	20.208
-32.2	20.233
-32.2	20.226
-32.2	20.23
-32.2	20.226
-32.2	20.236
-32.3	20.199
-32.3	20.196
-32.3	20.218
-32.3	20.224
-32.3	20.221
-32.3	20.215
-32.4	20.23
-32.4	20.248
-32.4	20.243
-32.5	20.261
-32.5	20.217
-32.5	20.208
-32.5	20.212
-32.5	20.215
-32.5	20.242
-32.5	20.239
-32.6	20.215
-32.6	20.209
-32.6	20.246
-32.6	20.261
-32.6	20.23
-32.6	20.26
-32.6	20.242
-32.6	20.242
-32.6	20.23
-32.6	20.212
-32.6	20.237
-32.7	20.222
-32.7	20.222
-32.7	20.221
-32.8	20.243
-32.8	20.249
-32.8	20.239
-32.9	20.233
-32.9	20.249
-32.9	20.265
-32.9	20.246
-32.9	20.218
-32.9	20.262
-32.9	20.261
-33	20.238
-33	20.233
-33	20.227
-33.1	20.256
-33.1	20.261
-33.1	20.264
-33.1	20.247
-33.1	20.248
-33.2	20.252
-33.2	20.238
-33.2	20.264
-33.3	20.225
-33.3	20.233
-33.3	20.264
-33.3	20.258
-33.3	20.259
-33.3	20.233
-33.4	20.248
-33.4	20.239
-33.3	20.255
-33.4	20.263
-33.4	20.274
-33.4	20.259
-33.5	20.275
-33.5	20.254
-33.5	20.284
-33.5	20.268
-33.5	20.262
-33.5	20.287
-33.6	20.245
-33.6	20.28
-33.6	20.259
-33.6	20.29
-33.6	20.269
-33.7	20.247
-33.7	20.284
-33.7	20.299
-33.7	20.284
-33.8	20.275
-33.8	20.293
-33.8	20.251
-33.8	20.287
-33.8	20.293
-33.8	20.306
-33.8	20.263
-33.8	20.282
-33.9	20.266
-33.9	20.293
-33.9	20.272
-34	20.279
-34	20.291
-34	20.27
-34	20.29
-34.1	20.276
-34.1	20.257
-34.1	20.269
-34.1	20.279
-34.1	20.294
-34.1	20.3
-34.1	20.285
-34.1	20.288
-34.1	20.297
-34.2	20.297
-34.2	20.304
-34.2	20.291
-34.2	20.298
-34.3	20.313
-34.3	20.294
-34.3	20.301
-34.4	20.288
-34.4	20.31
-34.4	20.282
-34.4	20.279
-34.4	20.282
-34.4	20.295
-34.5	20.283
-34.5	20.283
-34.5	20.316
-34.5	20.307
-34.5	20.279
-34.5	20.288
-34.5	20.316
-34.5	20.307
-34.5	20.31
-34.5	20.279
-34.6	20.301
-34.6	20.279
-34.6	20.297
-34.7	20.285
-34.7	20.288
-34.7	20.282
-34.8	20.297
-34.8	20.288
-34.8	20.304
-34.8	20.288
-34.8	20.339
-34.8	20.324
-34.8	20.312
-34.8	20.306
-34.8	20.315
-34.8	20.318
-34.8	20.303
-34.9	20.305
-34.9	20.324
-34.9	20.321
-34.9	20.3
-34.9	20.299
-34.9	20.299
-35	20.303
-35	20.305
-35	20.324
-35.1	20.321
-35.1	20.306
-35.1	20.326
-35.1	20.327
-35.1	20.312
-35.1	20.318
-35.1	20.315
-35.2	20.319
-35.2	20.324
-35.2	20.326
-35.2	20.324
-35.2	20.342
-35.3	20.348
-35.3	20.324
-35.3	20.314
-35.3	20.315
-35.3	20.31
-35.4	20.342
-35.4	20.358
-35.4	20.35
-35.4	20.348
-35.4	20.351
-35.4	20.352
-35.5	20.352
-35.5	20.328
-35.5	20.358
-35.5	20.339
-35.5	20.342
-35.5	20.358
-35.5	20.355
-35.6	20.357
-35.6	20.348
-35.6	20.35
-35.6	20.34
-35.6	20.352
-35.7	20.349
-35.7	20.344
-35.7	20.355
-35.7	20.347
-35.8	20.364
-35.8	20.33
-35.8	20.355
-35.8	20.33
-35.8	20.349
-35.9	20.363
-35.9	20.355
-35.9	20.343
-35.9	20.346
-35.9	20.353
-35.9	20.34
-36	20.34
-36	20.349
-36	20.337
-36	20.365
-36	20.349
-36	20.346
-36	20.349
-36	20.353
-36	20.349
-36	20.362
-36.1	20.35
-36.1	20.362
-36.1	20.352
-36.2	20.356
-36.2	20.353
-36.2	20.365
-36.2	20.359
-36.2	20.349
-36.2	20.356
-36.2	20.365
-36.3	20.356
-36.3	20.343
-36.3	20.349
-36.3	20.353
-36.3	20.356
-36.3	20.353
-36.4	20.356
-36.4	20.359
-36.4	20.352
-36.4	20.349
-36.4	20.365
-36.4	20.365
-36.4	20.371
-36.5	20.377
-36.5	20.368
-36.5	20.361
-36.5	20.377
-36.5	20.374
-36.6	20.374
-36.6	20.374
-36.6	20.359
-36.6	20.356
-36.6	20.355
-36.6	20.386
-36.6	20.38
-36.7	20.377
-36.7	20.373
-36.7	20.38
-36.7	20.373
-36.7	20.376
-36.7	20.382
-36.8	20.373
-36.8	20.385
-36.8	20.382
-36.9	20.376
-36.9	20.379
-36.9	20.376
-36.9	20.385
-36.9	20.376
-37	20.376
-37	20.382
-37	20.367
-37	20.373
-37	20.385
-37	20.385
-37	20.382
-37	20.373
-37	20.373
-37	20.382
-37.1	20.379
-37.1	20.384
-37.1	20.385
-37.2	20.379
-37.2	20.379
-37.2	20.369
-37.2	20.376
-37.2	20.375
-37.3	20.391
-37.3	20.391
-37.3	20.388
-37.3	20.397
-37.3	20.394
-37.3	20.39
-37.4	20.4
-37.4	20.398
-37.4	20.385
-37.4	20.391
-37.4	20.395
-37.5	20.382
-37.5	20.391
-37.5	20.404
-37.5	20.401
-37.5	20.395
-37.5	20.392
-37.6	20.392
-37.6	20.401
-37.6	20.404
-37.6	20.407
-37.6	20.401
-37.6	20.392
-37.6	20.391
-37.7	20.401
-37.7	20.395
-37.7	20.395
-37.7	20.404
-37.7	20.401
-37.8	20.397
-37.8	20.404
-37.8	20.408
-37.9	20.405
-37.9	20.398
-37.9	20.398
-37.9	20.401
-37.9	20.404
-37.9	20.404
-38	20.404
-38	20.407
-38	20.401
-38	20.404
-38	20.401
-38	20.41
-38.1	20.404
-38.1	20.41
-38.1	20.407
-38.1	20.406
-38.1	20.41
-38.1	20.404
-38.1	20.419
-38.2	20.413
-38.2	20.413
-38.2	20.406
-38.3	20.404
-38.3	20.416
-38.3	20.403
-38.3	20.404
-38.3	20.419
-38.3	20.419
-38.3	20.403
-38.3	20.406
-38.4	20.415
-38.4	20.419
-38.4	20.415
-38.4	20.415
-38.4	20.416
-38.5	20.422
-38.5	20.419
-38.5	20.419
-38.6	20.419
-38.6	20.419
-38.6	20.416
-38.6	20.413
-38.6	20.412
-38.6	20.413
-38.6	20.406
-38.7	20.404
-38.7	20.406
-38.7	20.407
-38.7	20.407
-38.7	20.407
-38.7	20.41
-38.8	20.419
-38.8	20.419
-38.8	20.419
-38.8	20.428
-38.8	20.419
-38.8	20.422
-38.9	20.42
-38.9	20.423
-38.9	20.42
-38.9	20.426
-38.9	20.426
-38.9	20.431
-38.9	20.432
-38.9	20.429
-38.9	20.426
-39	20.422
-39	20.419
-39	20.423
-39	20.42
-39	20.426
-39.1	20.429
-39.1	20.429
-39.1	20.429
-39.2	20.429
-39.2	20.432
-39.2	20.432
-39.2	20.438
-39.2	20.438
-39.2	20.432
-39.2	20.441
-39.2	20.438
-39.2	20.438
-39.3	20.438
-39.3	20.42
-39.2	20.429
-39.2	20.423
-39.2	20.429
-39.3	20.439
-39.4	20.423
-39.4	20.42
-39.4	20.422
-39.4	20.419
-39.4	20.426
-39.4	20.431
-39.5	20.432
-39.5	20.431
-39.5	20.422
-39.5	20.428
-39.5	20.428
-39.6	20.428
-39.6	20.437
-39.6	20.425
-39.6	20.428
-39.6	20.434
-39.6	20.437
-39.6	20.437
-39.7	20.435
-39.7	20.434
-39.7	20.428
-39.7	20.434
-39.7	20.437
-39.8	20.431
-39.8	20.437
-39.8	20.425
-39.8	20.427
-39.9	20.434
-39.9	20.43
-39.9	20.436
-39.9	20.434
-39.9	20.434
-40	20.44
-40	20.44
-40	20.434
-40	20.437
-40.1	20.443
-40.1	20.44
-40.1	20.437
-40.1	20.437
-40.1	20.437
-40.1	20.439
-40.1	20.44
-40.1	20.44
-40.1	20.437
-40.1	20.443
-40.1	20.443
-40.2	20.443
-40.2	20.436
-40.2	20.443
-40.2	20.44
-40.2	20.443
-40.3	20.444
-40.3	20.444
-40.3	20.447
-40.3	20.441
-40.4	20.447
-40.4	20.447
-40.4	20.447
-40.4	20.444
-40.4	20.438
-40.5	20.444
-40.5	20.441
-40.5	20.444
-40.5	20.447
-40.6	20.447
-40.6	20.435
-40.6	20.444
-40.6	20.447
-40.6	20.454
-40.6	20.441
-40.7	20.447
-40.7	20.447
-40.7	20.453
-40.8	20.453
-40.8	20.453
-40.8	20.456
-40.8	20.449
-40.8	20.443
-40.8	20.446
-40.8	20.443
-40.8	20.446
-40.8	20.446
-40.9	20.446
-40.9	20.449
-40.9	20.446
-40.9	20.44
-40.9	20.44
-41	20.443
-41	20.44
-41	20.44
-41	20.443
-41	20.443
-41	20.447
-41	20.443
-41.1	20.44
-41.1	20.443
-41.1	20.443
-41.1	20.447
-41.1	20.444
-41.1	20.447
-41.2	20.447
-41.2	20.447
-41.2	20.447
-41.3	20.444
-41.3	20.449
-41.3	20.447
-41.3	20.447
-41.4	20.454
-41.4	20.459
-41.4	20.447
-41.4	20.457
-41.4	20.456
-41.4	20.453
-41.4	20.454
-41.4	20.45
-41.4	20.453
-41.5	20.456
-41.5	20.453
-41.5	20.45
-41.5	20.45
-41.5	20.446
-41.5	20.455
-41.6	20.447
-41.6	20.453
-41.6	20.456
-41.7	20.452
-41.7	20.446
-41.7	20.446
-41.7	20.446
-41.7	20.45
-41.7	20.455
-41.7	20.458
-41.8	20.454
-41.8	20.452
-41.8	20.458
-41.8	20.453
-41.8	20.459
-41.9	20.458
-41.9	20.458
-41.9	20.462
-41.9	20.459
-41.9	20.456
-41.9	20.459
-41.9	20.456
-41.9	20.462
-41.9	20.459
-42	20.463
-42	20.462
-42	20.46
-42.1	20.456
-42.1	20.45
-42.1	20.45
-42.2	20.447
-42.2	20.45
-42.2	20.447
-42.2	20.444
-42.2	20.448
-42.2	20.447
-42.2	20.447
-42.2	20.444
-42.2	20.447
-42.2	20.453
-42.2	20.45
-42.2	20.453
-42.2	20.453
-42.2	20.453
-42.2	20.456
-42.2	20.444
-42.2	20.447
-42.3	20.453
-42.3	20.446
-42.3	20.447
-42.3	20.449
-42.4	20.45
-42.4	20.453
-42.4	20.456
-42.4	20.452
-42.4	20.456
-42.5	20.459
-42.5	20.458
-42.5	20.456
-42.5	20.456
-42.6	20.453
-42.6	20.459
-42.6	20.459
-42.6	20.458
-42.6	20.459
-42.6	20.461
-42.6	20.455
-42.6	20.465
-42.6	20.455
-42.6	20.459
-42.6	20.462
-42.7	20.459
-42.7	20.453
-42.7	20.456
-42.7	20.456
-42.7	20.456
-42.7	20.456
-42.8	20.459
-42.9	20.456
-42.9	20.456
-42.9	20.462
-42.9	20.462
-42.9	20.465
-42.9	20.462
-42.9	20.465
-42.9	20.462
-43	20.462
-43	20.465
-43	20.462
-43	20.462
-43.1	20.463
-43.1	20.459
-43.1	20.466
-43.1	20.46
-43.1	20.459
-43.1	20.453
-43.2	20.459
-43.2	20.463
-43.2	20.463
-43.2	20.462
-43.2	20.463
-43.3	20.466
-43.3	20.46
-43.3	20.463
-43.3	20.463
-43.3	20.462
-43.3	20.462
-43.3	20.462
-43.3	20.465
-43.3	20.462
-43.4	20.456
-43.4	20.459
-43.4	20.462
-43.4	20.463
-43.4	20.469
-43.4	20.465
-43.5	20.462
-43.5	20.462
-43.5	20.465
-43.5	20.465
-43.5	20.461
-43.5	20.465
-43.5	20.465
-43.5	20.465
-43.5	20.462
-43.6	20.465
-43.6	20.465
-43.6	20.468
-43.6	20.468
-43.6	20.468
-43.6	20.471
-43.6	20.467
-43.6	20.467
-43.6	20.467
-43.7	20.467
-43.7	20.464
-43.7	20.466
-43.8	20.464
-43.8	20.467
-43.8	20.464
-43.9	20.464
-43.9	20.461
-43.9	20.461
-43.9	20.461
-43.9	20.465
-43.9	20.459
-43.9	20.455
-43.9	20.453
-43.9	20.461
-44	20.458
-44	20.458
-44	20.461
-44	20.464
-44	20.458
-44.1	20.458
-44.1	20.455
-44.1	20.455
-44.1	20.455
-44.1	20.459
-44.1	20.452
-44.2	20.456
-44.2	20.452
-44.2	20.456
-44.2	20.456
-44.2	20.452
-44.2	20.446
-44.2	20.453
-44.2	20.446
-44.3	20.453
-44.2	20.453
-44.2	20.459
-44.2	20.462
-44.2	20.459
-44.2	20.453
-44.3	20.456
-44.3	20.462
-44.3	20.459
-44.4	20.456
-44.4	20.463
-44.4	20.462
-44.4	20.459
-44.5	20.462
-44.5	20.459
-44.5	20.46
-44.5	20.456
-44.5	20.46
-44.5	20.463
-44.6	20.457
-44.6	20.457
-44.5	20.457
-44.5	20.466
-44.5	20.46
-44.6	20.457
-44.6	20.46
-44.6	20.456
-44.7	20.46
-44.7	20.454
-44.7	20.45
-44.7	20.456
-44.7	20.45
-44.7	20.453
-44.8	20.456
-44.8	20.457
-44.8	20.456
-44.8	20.463
-44.8	20.46
-44.8	20.457
-44.8	20.463
-44.9	20.46
-44.9	20.46
-44.9	20.456
-44.9	20.456
-44.9	20.454
-45	20.447
-45	20.447
-45	20.45
-45.1	20.447
-45.1	20.45
-45.1	20.453
-45.1	20.462
-45.1	20.461
-45.1	20.461
-45.1	20.468
-45.1	20.468
-45.2	20.461
-45.2	20.465
-45.2	20.471
-45.3	20.467
-45.3	20.47
-45.3	20.464
-45.3	20.467
-45.3	20.467
-45.3	20.468
-45.3	20.47
-45.3	20.47
-45.3	20.468
-45.3	20.474
-45.4	20.471
-45.4	20.462
-45.4	20.468
-45.5	20.465
-45.5	20.468
-45.4	20.465
-45.4	20.465
-45.4	20.468
-45.5	20.465
-45.5	20.468
-45.5	20.466
-45.5	20.464
-45.5	20.462
-45.5	20.462
-45.5	20.462
-45.6	20.468
-45.6	20.469
-45.6	20.472
-45.7	20.47
-45.7	20.466
-45.7	20.465
-45.7	20.465
-45.7	20.463
-45.7	20.469
-45.7	20.47
-45.7	20.471
-45.7	20.469
-45.7	20.468
-45.7	20.468
-45.8	20.466
-45.8	20.465
-45.8	20.468
-45.9	20.468
-45.9	20.471
-45.9	20.471
-45.9	20.471
-45.9	20.471
-45.9	20.468
-45.9	20.467
-45.9	20.467
-45.9	20.467
-46	20.464
-46	20.465
-46	20.464
-46	20.465
-46	20.465
-46	20.468
-46	20.471
-46	20.465
-46.1	20.465
-46.2	20.465
-46.2	20.468
-46.2	20.468
-46.3	20.468
-46.3	20.468
-46.3	20.465
-46.4	20.465
-46.4	20.462
-46.4	20.468
-46.4	20.466
-46.4	20.468
-46.4	20.466
-46.4	20.463
-46.4	20.463
-46.4	20.459
-46.5	20.462
-46.5	20.462
-46.5	20.466
-46.5	20.462
-46.5	20.466
-46.5	20.466
-46.6	20.462
-46.6	20.459
-46.7	20.462
-46.7	20.462
-46.7	20.459
-46.7	20.462
-46.7	20.462
-46.7	20.461
-46.8	20.459
-46.8	20.461
-46.8	20.458
-46.8	20.461
-46.8	20.461
-46.8	20.461
-46.8	20.455
-46.8	20.462
-46.8	20.462
-46.8	20.462
-46.8	20.462
-46.8	20.461
-46.9	20.458
-46.9	20.462
-46.9	20.458
-47	20.458
-47	20.458
-47	20.458
-47.1	20.458
-47.1	20.462
-47.1	20.458
-47.1	20.458
-47.1	20.458
-47.1	20.462
-47.1	20.458
-47.1	20.458
-47.2	20.461
-47.2	20.46
-47.2	20.461
-47.2	20.461
-47.2	20.464
-47.2	20.461
-47.3	20.461
-47.3	20.464
-47.3	20.458
-47.3	20.464
-47.4	20.461
-47.4	20.461
-47.4	20.464
-47.5	20.462
-47.5	20.465
-47.5	20.462
-47.5	20.456
-47.5	20.461
-47.5	20.462
-47.6	20.459
-47.6	20.459
-47.6	20.459
-47.6	20.456
-47.6	20.456
-47.6	20.454
-47.6	20.461
-47.6	20.459
-47.7	20.459
-47.8	20.444
-47.8	20.457
-47.9	20.45
-48.1	20.453
-48.1	20.447
-48.2	20.447
-48.3	20.447
-48.3	20.444
-48.5	20.447
-48.6	20.451
-48.6	20.445
-48.8	20.444
-49	20.456
-49	20.46
-49.1	20.463
-49.1	20.459
-49.2	20.463
-49.3	20.465
-49.3	20.462
-49.4	20.465
-49.5	20.468
-49.5	20.466
-49.6	20.462
-49.7	20.465
-49.7	20.465
-49.8	20.468
-49.9	20.462
-49.9	20.465
-50	20.468
-50.2	20.462
-50.2	20.465
-50.3	20.458
-50.5	20.465
-50.5	20.467
-50.5	20.468
-50.7	20.461
-50.7	20.461
-50.7	20.467
-50.8	20.467
-50.8	20.468
-50.8	20.467
-50.9	20.467
-50.9	20.471
-50.9	20.468
-51	20.465
-51	20.471
-51.1	20.471
-51.2	20.471
-51.2	20.471
-51.3	20.465
-51.3	20.468
-51.3	20.471
-51.4	20.468
-51.4	20.471
-51.4	20.471
-51.5	20.471
-51.7	20.468
-51.7	20.468
-51.8	20.468
-51.9	20.471
-51.9	20.474
-52	20.474
-52.1	20.469
-52.1	20.468
-52.1	20.471
-52.1	20.471
-52.1	20.469
-52.2	20.472
-52.4	20.472
-52.4	20.471
-52.6	20.466
-52.61	20.466
-52.7	20.462
-52.8	20.46
-52.8	20.462
-52.9	20.466
-52.9	20.464
-52.9	20.462
-52.8	20.465
-52.9	20.459
-52.9	20.466
-52.9	20.465
-53	20.465
-53	20.471
-53.1	20.468
-53.1	20.474
-53.1	20.468
-53.1	20.474
-53.2	20.47
-53.2	20.468
-53.2	20.471
-53.3	20.461
-53.3	20.464
-53.4	20.464
-53.4	20.466
-53.4	20.467
-53.5	20.464
-53.5	20.464
-53.5	20.47
-53.6	20.464
-53.6	20.463
-53.6	20.464
-53.7	20.464
-53.7	20.464
-53.7	20.468
-53.7	20.467
-53.7	20.471
-53.7	20.467
-53.8	20.466
-53.9	20.47
-53.9	20.468
-54	20.47
-54.1	20.47
-54.1	20.467
-54.1	20.464
-54.2	20.464
-54.2	20.467
-54.3	20.467
-54.3	20.464
-54.3	20.464
-54.4	20.461
-54.5	20.464
-54.5	20.464
-54.5	20.464
-54.5	20.464
-54.5	20.464
-54.5	20.464
-54.5	20.464
-54.5	20.462
-54.6	20.464
-54.6	20.464
-54.6	20.464
-54.7	20.462
-54.7	20.458
-54.7	20.461
-54.7	20.464
-54.7	20.464
-54.8	20.465
-54.8	20.465
-54.8	20.464
-54.8	20.464
-54.8	20.468
-54.8	20.464
-54.9	20.467
-54.9	20.464
-54.9	20.467
-55	20.464
-55	20.461
-55	20.467
-55.1	20.467
-55.1	20.461
-55.1	20.464
-55.3	20.467
-55.3	20.467
-55.3	20.467
-55.4	20.464
-55.4	20.467
-55.4	20.465
-55.4	20.464
-55.5	20.467
-55.5	20.467
-55.5	20.468
-55.5	20.467
-55.5	20.467
-55.6	20.467
-55.6	20.467
-55.6	20.464
-55.7	20.465
-55.8	20.465
-55.8	20.464
-55.8	20.467
-55.9	20.464
-55.9	20.464
-55.9	20.467
-56	20.464
-56	20.467
-56	20.465
-56	20.467
-56	20.462
-56	20.462
-56.1	20.465
-56.1	20.462
-56.1	20.465
-56.1	20.459
-56.1	20.462
-56.1	20.468
-56.1	20.468
-56.1	20.468
-56.2	20.465
-56.2	20.465
-56.2	20.462
-56.2	20.468
-56.2	20.468
-56.3	20.465
-56.4	20.463
-56.4	20.469
-56.4	20.468
-56.5	20.465
-56.5	20.468
-56.5	20.465
-56.6	20.465
-56.6	20.465
-56.6	20.466
-56.7	20.467
-56.7	20.465
-56.7	20.463
-56.7	20.468
-56.7	20.461
-56.7	20.462
-56.7	20.459
-56.7	20.469
-56.8	20.465
-57	20.462
-57	20.462
-57	20.465
-57.1	20.468
-57.1	20.465
-57.1	20.463
-57.1	20.462
-57.1	20.469
-57.1	20.465
-57.1	20.466
-57.1	20.465
-57.2	20.468
-57.2	20.468
-57.2	20.465
-57.3	20.469
-57.4	20.465
-57.4	20.468
-57.4	20.465
-57.5	20.462
-57.5	20.47
-57.6	20.465
-57.6	20.468
-57.6	20.465
-57.6	20.465
-57.7	20.471
-57.7	20.465
-57.7	20.468
-57.8	20.468
-57.8	20.468
-57.8	20.471
-57.81	20.468
-57.9	20.468
-57.9	20.468
-57.9	20.464
-58	20.468
-58	20.464
-58	20.47
-58.1	20.467
-58.1	20.473
-58.1	20.467
-58.2	20.467
-58.2	20.467
-58.2	20.47
-58.2	20.467
-58.3	20.464
-58.3	20.467
-58.3	20.467
-58.4	20.47
-58.4	20.471
-58.5	20.464
-58.6	20.465
-58.6	20.468
-58.7	20.468
-58.7	20.465
-58.7	20.464
-58.8	20.47
-58.8	20.47
-58.8	20.467
-58.8	20.468
-58.8	20.465
-58.8	20.47
-58.8	20.468
-58.9	20.474
-58.9	20.468
-58.9	20.468
-59	20.471
-59	20.471
-59	20.468
-59	20.471
-59	20.471
-59.2	20.474
-59.2	20.474
-59.2	20.468
-59.2	20.474
-59.2	20.471
-59.2	20.465
-59.3	20.471
-59.3	20.471
-59.3	20.471
-59.3	20.471
-59.4	20.472
-59.4	20.471
-59.5	20.472
-59.5	20.469
-59.5	20.468
-59.6	20.468
-59.6	20.468
-59.6	20.471
-59.7	20.471
-59.7	20.475
-59.7	20.471
-59.7	20.472
-59.7	20.474
-59.7	20.472
-59.7	20.474
-59.7	20.475
-59.8	20.474
-59.9	20.475
-59.9	20.481
-60	20.475
-60	20.474
-60	20.477
-60	20.48
-59.8	20.474
-59.8	20.477
-59.8	20.478
-59.8	20.48
-59.8	20.477
-59.8	20.477
-59.8	20.474
-59.8	20.477
-59.8	20.48
-59.8	20.474
-59.8	20.476
-59.8	20.48
-59.8	20.477
-59.8	20.477
-59.8	20.48
-59.9	20.477
-59.9	20.477
-59.9	20.474
-59.9	20.48
-59.9	20.476
-60	20.477
-60	20.477
-60	20.477
-60	20.477
-60	20.48
-60	20.483
-60	20.478
-60	20.476
-60	20.476
-59.9	20.471
-59.9	20.47
-59.9	20.464
-59.9	20.449
-59.9	20.446
-59.9	20.437
-60	20.434
-60	20.446
-60	20.461
-59.9	20.479
-59.8	20.481
-59.8	20.455
-59.8	20.443
-59.8	20.44
-59.8	20.458
-59.8	20.458
-59.8	20.462
-59.8	20.458
-59.7	20.48
-59.7	20.464
-59.7	20.446
-59.7	20.458
-59.7	20.461
-59.8	20.48
-59.8	20.489
-59.8	20.479
-59.8	20.474
-59.9	20.448
-59.9	20.44
-60	20.458
-60.1	20.453
-60.1	20.471
-60	20.484
-59.9	20.477
-59.9	20.462
-59.8	20.456
-59.9	20.44
-59.9	20.434
-60	20.421
-60	20.432
-60	20.441
-60	20.465
-59.9	20.465
-59.9	20.46
-59.8	20.447
-59.8	20.449
-59.8	20.447
-59.8	20.437
-59.7	20.444
-59.7	20.432
-59.7	20.437
-59.7	20.447
-59.7	20.456
-59.7	20.465
-59.7	20.462
-59.7	20.462
-59.8	20.446
-59.8	20.437
-59.8	20.437
-59.8	20.437
-59.9	20.446
-59.9	20.455
-60	20.458
-60	20.443
-60	20.43
-60	20.44
-60	20.459
-60	20.474
-59.9	20.477
-59.9	20.465
-59.9	20.458
-59.9	20.458
-59.9	20.467
-60	20.492
-60	20.519
-60	20.482
-60.1	20.452
-60	20.473
-60	20.51
-59.8	20.51
-59.8	20.489
-59.8	20.477
-59.7	20.498
-59.7	20.504
-59.7	20.492
-59.7	20.502
-59.6	20.499
-59.6	20.495
-59.6	20.459
-59.7	20.502
-59.7	20.505
-59.8	20.507
-59.8	20.492
-59.8	20.476
-59.8	20.477
-59.8	20.478
-59.8	20.477
-59.8	20.479
-59.8	20.494
-59.8	20.504
-59.9	20.492
-60	20.495
-60	20.495
-60	20.506
-59.9	20.46
-59.9	20.467
-59.9	20.466
-60	20.458
-60	20.453
-60.1	20.452
-60	20.459
-60	20.449
-59.9	20.471
-59.8	20.474
-59.8	20.495
-59.9	20.488
-59.9	20.483
-59.9	20.48
-59.9	20.446
-59.9	20.452
-59.9	20.462
-59.9	20.44
-59.9	20.446
-59.9	20.444
-59.9	20.452
-59.9	20.457
-59.9	20.474
-59.9	20.477
-59.9	20.477
-59.9	20.48
-59.9	20.477
-59.9	20.497
-59.9	20.491
-60	20.483
-60	20.505
-60	20.496
-60	20.511
-60	20.508
-59.8	20.509
-59.7	20.505
-59.7	20.506
-59.5	20.501
-59.4	20.508
-59.4	20.516
-59.2	20.502
-59.1	20.52
-59.1	20.503
-58.9	20.508
-58.8	20.498
-58.8	20.515
-58.6	20.521
-58.5	20.505
-58.5	20.487
-58.4	20.477
-58.2	20.481
-58.2	20.466
-58	20.469
-57.9	20.492
-57.9	20.484
-57.8	20.469
-57.6	20.441
-57.6	20.429
-57.5	20.444
-57.4	20.441
-57.4	20.435
-57.3	20.453
-57.1	20.465
-57.1	20.462
-57	20.474
-56.9	20.44
-56.9	20.434
-56.8	20.443
-56.7	20.462
-56.7	20.471
-56.5	20.48
-56.5	20.477
-56.5	20.486
-56.3	20.483
-56.2	20.495
-56.2	20.504
-56.1	20.505
-56	20.51
-56	20.513
-55.9	20.516
-55.89	20.51
-55.8	20.516
-55.7	20.492
-55.7	20.501
-55.7	20.504
-55.6	20.495
-55.6	20.492
-55.5	20.495
-55.4	20.48
-55.4	20.47
-55.3	20.485
-55.1	20.47
-55.1	20.462
-55	20.458
-54.9	20.465
-54.9	20.446
-54.8	20.458
-54.7	20.468
-54.7	20.433
-54.6	20.431
-54.5	20.443
-54.5	20.453
-54.4	20.449
-54.3	20.446
-54.3	20.443
-54.2	20.462
-54	20.455
-54	20.449
-53.9	20.446
-53.8	20.462
-53.8	20.474
-53.6	20.455
-53.5	20.464
-53.5	20.473
-53.3	20.482
-53.2	20.486
-53.2	20.503
-53	20.478
-52.9	20.479
-52.9	20.474
-52.7	20.482
-52.6	20.506
-52.6	20.52
-52.4	20.505
-52.3	20.488
-52.3	20.5
-52.1	20.506
-52	20.486
-52	20.505
-51.8	20.499
-51.7	20.506
-51.7	20.514
-51.5	20.499
-51.3	20.504
-51.3	20.499
-51.2	20.512
-51.18	20.505
-51	20.499
-50.8	20.472
-50.79	20.472
-50.7	20.455
-50.5	20.456
-50.5	20.45
-50.4	20.463
-50.3	20.444
-50.3	20.446
-50.1	20.441
-49.9	20.456
-49.9	20.444
-49.8	20.444
-49.7	20.435
-49.7	20.442
-49.5	20.441
-49.4	20.434
-49.4	20.442
-49.2	20.434
-49	20.438
-49	20.453
-48.9	20.437
-48.7	20.465
-48.7	20.477
-48.6	20.463
-48.4	20.467
-48.4	20.479
-48.3	20.48
-48.1	20.486
-48.1	20.473
-48	20.476
-47.9	20.488
-47.9	20.506
-47.7	20.504
-47.5	20.495
-47.5	20.473
-47.4	20.485
-47.2	20.5
-47.2	20.505
-47.1	20.52
-46.9	20.519
-46.9	20.531
-46.8	20.522
-46.6	20.519
-46.6	20.51
-46.5	20.51
-46.3	20.51
-46.3	20.508
-46.1	20.514
-46	20.505
-46	20.498
-45.8	20.492
-45.7	20.49
-45.7	20.474
-45.5	20.45
-45.3	20.456
-45.3	20.463
-45.2	20.456
-45	20.468
-45	20.459
-44.9	20.456
-44.9	20.447
-44.7	20.462
-44.6	20.481
-44.6	20.484
-44.4	20.466
-44.2	20.503
-44.2	20.462
-44.1	20.441
-43.9	20.439
-43.9	20.426
-43.8	20.428
-43.6	20.454
-43.6	20.463
-43.4	20.478
-43.3	20.457
-43.3	20.466
-43.1	20.447
-43	20.466
-43	20.474
-42.8	20.459
-42.6	20.447
-42.6	20.453
-42.4	20.462
-42.3	20.462
-42.3	20.48
-42.1	20.477
-41.9	20.474
-41.9	20.492
-41.8	20.48
-41.6	20.482
-41.6	20.471
-41.4	20.501
-41.3	20.482
-41.3	20.499
-41.1	20.498
-41	20.501
-41	20.479
-40.8	20.495
-40.6	20.48
-40.6	20.486
-40.4	20.457
-40.3	20.489
-40.3	20.492
-40.1	20.483
-40	20.499
-40	20.48
-39.8	20.493
-39.6	20.492
-39.6	20.487
-39.5	20.486
-39.3	20.473
-39.3	20.466
-39.1	20.474
-39	20.469
-39	20.459
-38.8	20.467
-38.8	20.465
-38.7	20.444
-38.5	20.441
-38.5	20.435
-38.3	20.435
-38.2	20.432
-38.2	20.42
-38	20.415
-37.8	20.418
-37.8	20.408
-37.6	20.418
-37.4	20.406
-37.4	20.403
-37.3	20.395
-37.1	20.401
-37.1	20.404
-36.9	20.389
-36.7	20.415
-36.7	20.412
-36.6	20.407
-36.4	20.42
-36.4	20.408
-36.2	20.401
-36	20.398
-36	20.406
-35.8	20.404
-35.7	20.402
-35.7	20.385
-35.5	20.376
-35.3	20.385
-35.3	20.394
-35.1	20.388
-34.9	20.404
-34.9	20.431
-34.7	20.428
-34.6	20.431
-34.6	20.437
-34.4	20.428
-34.2	20.419
-34.2	20.437
-34.1	20.428
-33.9	20.443
-33.9	20.418
-33.7	20.406
-33.5	20.4
-33.5	20.406
-33.4	20.39
-33.2	20.404
-33.2	20.397
-33.1	20.394
-32.9	20.415
-32.9	20.397
-32.7	20.429
-32.5	20.454
-32.5	20.425
-32.3	20.444
-32.29	20.413
-32.2	20.413
-32	20.392
-32	20.401
-31.8	20.398
-31.7	20.42
-31.7	20.407
-31.5	20.414
-31.3	20.42
-31.3	20.42
-31.1	20.423
-30.9	20.411
-30.9	20.417
-30.8	20.408
-30.6	20.407
-30.6	20.423
-30.4	20.408
-30.2	20.419
-30.2	20.394
-30	20.385
-29.9	20.391
-29.9	20.407
-29.7	20.392
-29.5	20.401
-29.5	20.412
-29.3	20.401
-29.2	20.406
-29.2	20.394
-29	20.4
-28.8	20.406
-28.8	20.401
-28.6	20.391
-28.4	20.391
-28.4	20.379
-28.2	20.376
-28.1	20.376
-28.1	20.376
-27.9	20.364
-27.7	20.361
-27.7	20.377
-27.5	20.361
-27.3	20.376
-27.3	20.376
-27.2	20.37
-27	20.388
-27	20.388
-26.8	20.38
-26.6	20.382
-26.6	20.346
-26.4	20.358
-26.3	20.355
-26.3	20.345
-26.1	20.352
-25.9	20.349
-25.9	20.346
-25.7	20.346
-25.5	20.351
-25.5	20.343
-25.4	20.343
-25.4	20.328
-25.2	20.316
-25	20.314
-25	20.319
-24.9	20.33
-24.7	20.309
-24.7	20.312
-24.5	20.301
-24.3	20.311
-24.3	20.296
-24.1	20.316
-23.9	20.311
-23.9	20.293
-23.7	20.293
-23.6	20.302
-23.6	20.291
-23.4	20.285
-23.2	20.29
-23.2	20.288
-23	20.319
-22.8	20.313
-22.8	20.319
-22.7	20.314
-22.5	20.316
-22.5	20.315
-22.3	20.316
-22.1	20.316
-22.1	20.303
-21.9	20.291
-21.7	20.285
-21.7	20.285
-21.5	20.261
-21.3	20.266
-21.3	20.258
-21.2	20.27
-21	20.279
-21	20.258
-20.8	20.26
-20.6	20.272
-20.6	20.266
-20.4	20.275
-20.3	20.259
-20.3	20.241
-20.1	20.253
-19.9	20.236
-19.9	20.248
-19.7	20.236
-19.5	20.256
-19.5	20.247
-19.3	20.248
-19.2	20.26
-19.2	20.266
-19	20.268
-18.8	20.244
-18.8	20.233
-18.6	20.241
-18.6	20.235
-18.4	20.247
-18.2	20.226
-18.2	20.217
-18	20.232
-17.8	20.214
-17.8	20.202
-17.6	20.199
-17.4	20.193
-17.4	20.19
-17.3	20.194
-17.1	20.199
-17.1	20.205
-16.9	20.205
-16.7	20.206
-16.7	20.199
-16.5	20.181
-16.3	20.185
-16.3	20.178
-16.1	20.178
-15.9	20.184
-15.9	20.172
-15.7	20.178
-15.5	20.166
-15.5	20.161
-15.3	20.163
-15.2	20.159
-15.2	20.151
-15	20.145
-14.8	20.13
-14.8	20.142
-14.6	20.123
-14.5	20.131
-14.5	20.127
-14.3	20.133
-14.1	20.123
-14.1	20.105
-13.9	20.123
-13.8	20.125
-13.8	20.122
-13.6	20.12
-13.4	20.124
-13.4	20.131
-13.2	20.113
-13	20.104
-13	20.108
-12.8	20.125
-12.6	20.117
-12.6	20.101
-12.4	20.098
-12.2	20.091
-12.2	20.101
-12	20.118
-11.8	20.119
-11.8	20.119
-11.6	20.122
-11.58	20.122
-11.4	20.11
-11.3	20.112
-11.3	20.112
-11.1	20.099
-10.9	20.098
-10.9	20.099
-10.7	20.085
-10.6	20.083
-10.6	20.074
-10.4	20.075
-10.2	20.073
-10.2	20.065
-10	20.074
-9.8	20.055
-9.8	20.044
-9.5	20.022
-9.3	20.036
-9.3	20.024
-9.1	20.031
-8.9	20.022
-8.9	20.039
-8.7	20.042
-8.6	20.034
-8.6	20.018
-8.4	20.014
-8.2	20.011
-8.2	20.013
-8	20.026
-7.8	20.015
-7.8	20.032
-7.6	20.031
-7.4	20.007
-7.4	20.01
-7.2	19.998
-7	19.992
-7	19.995
-6.7	19.974
-6.5	19.97
-6.5	19.959
-6.3	19.965
-6.1	19.956
-6.1	19.962
-5.8	19.934
-5.6	19.946
-5.6	19.949
-5.4	19.934
-5.1	19.928
-5.1	19.907
0	19.9
-4.7	19.885
-4.7	19.888
-4.5	19.875
-4.3	19.863
-4.3	19.86
-4.1	19.857
-3.9	19.848
-3.9	19.832
-3.7	19.826
-3.33	19.835
0	19.817
-3.3	19.808
-3.3	19.783
-3.2	19.771
-2.9	19.789
-2.9	19.783
-2.8	19.751
-2.6	19.756
-2.6	19.738
0	19.735
-2.3	19.719
-2.3	19.713
-2.1	19.719
-1.9	19.716
-1.9	19.698
-1.7	19.717
-1.6	19.705
-1.6	19.72
-1.4	19.725
-1.2	19.696
-1.2	19.699
-1	19.695
-0.8	19.699
-0.8	19.69
-0.6	19.68
-0.4	19.668
-0.4	19.671
0	19.68
-0.1	19.647
-0.1	19.621
0.1	19.616
0.3	19.607
0.3	19.595
0.5	19.608
0.6	19.567
0.6	19.613
0.8	19.595
1	19.605
1	19.601
1.2	19.586
1.4	19.562
1.4	19.574
1.5	19.555
1.7	19.555
1.7	19.544
1.9	19.545
2.1	19.568
2.1	19.562
2.3	19.564
2.5	19.558
2.5	19.543
2.6	19.565
2.8	19.557
2.8	19.549
3	19.555
3.2	19.554
3.2	19.546
3.4	19.55
3.4	19.54
3.5	19.53
3.7	19.503
3.7	19.495
3.9	19.511
4.1	19.487
4.1	19.49
4.2	19.497
4.4	19.481
4.4	19.472
4.6	19.453
4.8	19.448
4.8	19.474
5	19.468
5.1	19.481
5.1	19.485
5.4	19.476
5.6	19.514
5.6	19.522
5.8	19.528
6	19.542
6	19.545
6.2	19.55
6.5	19.561
6.5	19.585
6.7	19.591
6.9	19.585
6.9	19.588
7.1	19.61
7.3	19.606
7.3	19.624
7.4	19.635
7.6	19.649
7.6	19.683
7.8	19.697
7.9	19.724
7.9	19.738
8.1	19.751
8.3	19.757
8.3	19.772
8.5	19.784
8.7	19.784
8.7	19.784
8.8	19.793
9	19.805
9	19.803
9.2	19.812
9.3	19.805
9.3	19.8
9.5	19.818
9.7	19.839
9.7	19.842
9.9	19.857
10.2	19.854
10.2	19.852
10.4	19.855
10.4	19.855
10.6	19.863
10.7	19.864
10.7	19.879
10.9	19.867
11.1	19.864
11.1	19.86
11.3	19.855
11.5	19.863
11.5	19.867
11.7	19.851
11.9	19.846
11.9	19.852
12.1	19.846
12.3	19.851
12.3	19.855
12.5	19.861
12.7	19.839
12.7	19.834
12.8	19.846
13.1	19.852
13.1	19.848
13.3	19.845
13.4	19.852
13.4	19.834
13.6	19.849
13.8	19.839
13.8	19.851
14	19.851
14.2	19.846
14.2	19.842
14.4	19.83
14.6	19.818
14.6	19.818
14.7	19.815
15	19.815
15	19.806
15.1	19.806
15.3	19.803
15.3	19.803
15.5	19.806
15.6	19.806
15.6	19.809
15.8	19.809
16	19.815
16	19.812
16.3	19.803
16.5	19.806
16.5	19.803
16.7	19.803
16.8	19.806
16.8	19.809
17	19.81
17.2	19.809
17.2	19.809
17.4	19.815
17.4	19.818
17.6	19.818
17.8	19.827
17.8	19.827
18	19.827
18.2	19.83
18.2	19.83
18.4	19.83
18.5	19.83
18.5	19.821
18.8	19.815
19	19.811
19	19.812
19.2	19.806
19.3	19.799
19.3	19.793
19.5	19.796
19.7	19.794
19.7	19.79
19.9	19.79
20.1	19.793
20.1	19.797
20.3	19.796
20.4	19.793
20.4	19.79
20.6	19.799
20.8	19.799
20.8	19.802
21	19.804
21.2	19.811
21.2	19.811
21.5	19.814
21.7	19.814
21.7	19.808
21.9	19.808
22.1	19.811
22.1	19.811
22.2	19.808
22.3	19.814
22.3	19.81
22.5	19.805
22.7	19.802
22.7	19.805
22.9	19.802
23.1	19.802
23.1	19.796
23.3	19.804
23.5	19.802
23.5	19.805
23.7	19.802
23.9	19.808
23.9	19.805
24.1	19.808
24.2	19.796
24.2	19.796
24.4	19.79
24.6	19.796
24.6	19.79
24.8	19.79
24.8	19.786
25	19.784
25.1	19.784
25.1	19.783
25.3	19.787
25.5	19.784
25.5	19.79
25.7	19.79
25.9	19.793
25.9	19.8
26	19.803
26.3	19.802
26.3	19.803
26.4	19.812
26.6	19.816
26.6	19.824
26.9	19.812
27	19.812
27	19.815
27.2	19.815
27.4	19.818
27.4	19.809
27.6	19.812
27.8	19.806
27.8	19.812
28	19.809
28.2	19.812
28.2	19.803
28.4	19.797
28.6	19.791
28.6	19.791
28.8	19.785
29.1	19.787
29.1	19.784
29.3	19.791
29.4	19.787
29.4	19.778
29.6	19.784
29.8	19.781
29.8	19.787
30	19.787
30.3	19.796
30.3	19.802
30.4	19.805
30.6	19.8
30.6	19.805
30.8	19.802
31	19.805
31	19.808
31.2	19.814
31.4	19.814
31.4	19.805
31.6	19.805
31.7	19.802
31.7	19.808
31.9	19.805
31.94	19.799
32.1	19.796
32.3	19.799
32.3	19.793
32.5	19.784
32.7	19.787
32.7	19.781
32.9	19.775
33	19.775
33	19.771
33.2	19.77
33.3	19.769
33.3	19.77
33.5	19.776
33.7	19.775
33.7	19.768
34	19.773
34.2	19.77
34.2	19.776
34.4	19.774
34.5	19.782
34.5	19.791
34.8	19.779
34.9	19.782
34.9	19.775
35	19.775
35.2	19.779
35.2	19.787
35.4	19.794
35.6	19.788
35.6	19.791
35.8	19.794
36	19.794
36	19.773
36.2	19.785
36.4	19.778
36.4	19.776
36.6	19.782
36.8	19.785
36.8	19.798
37	19.802
37.2	19.794
37.2	19.797
37.3	19.797
37.6	19.794
37.6	19.797
37.7	19.806
37.9	19.799
37.9	19.802
38.1	19.797
38.3	19.8
38.3	19.802
38.6	19.79
38.7	19.802
38.7	19.791
38.9	19.806
39	19.8
39	19.809
39.3	19.799
39.3	19.8
39.5	19.803
39.7	19.803
39.7	19.803
39.9	19.805
40.1	19.803
40.1	19.809
40.3	19.806
40.6	19.806
40.6	19.806
40.8	19.806
41	19.803
41	19.803
41.2	19.805
41.4	19.805
41.4	19.808
41.6	19.809
41.8	19.811
41.8	19.809
42	19.802
42.1	19.809
42.1	19.808
42.2	19.811
42.4	19.815
42.4	19.818
42.6	19.82
42.8	19.811
42.8	19.814
43	19.814
43.2	19.814
43.2	19.823
43.4	19.829
43.5	19.832
43.5	19.833
43.6	19.817
43.8	19.823
43.8	19.82
44	19.823
44.2	19.817
44.2	19.829
44.5	19.826
44.7	19.833
44.7	19.827
45	19.817
45.2	19.817
45.2	19.814
45.4	19.823
45.6	19.826
45.6	19.819
45.8	19.814
45.9	19.815
45.9	19.814
46.1	19.817
46.2	19.82
46.2	19.82
46.4	19.814
46.4	19.815
46.6	19.812
46.8	19.826
46.8	19.83
47	19.83
47.2	19.824
47.2	19.834
47.4	19.83
47.6	19.83
47.6	19.827
47.9	19.821
48.1	19.824
48.1	19.824
48.2	19.824
48.4	19.824
48.4	19.827
48.5	19.828
48.7	19.824
48.7	19.837
48.8	19.837
49	19.836
49	19.843
49.2	19.846
49.4	19.855
49.4	19.864
49.6	19.874
49.8	19.873
49.8	19.871
49.9	19.889
50.1	19.883
50.1	19.884
50.3	19.886
50.5	19.89
50.5	19.895
50.7	19.895
50.9	19.895
50.9	19.901
51.1	19.91
51.3	19.919
51.3	19.934
51.5	19.944
51.8	19.947
51.8	19.947
52	19.947
52.3	19.959
52.3	19.963
52.4	19.962
52.6	19.968
52.6	19.975
52.8	19.984
53	19.992
53	20.005
53.2	20.011
53.4	20.014
53.4	20.019
53.6	20.022
53.7	20.023
53.7	20.028
53.9	20.026
53.9	20.029
54.1	20.023
54.3	20.017
54.3	20.014
54.5	20.013
54.7	20.017
54.7	20.008
54.9	20.011
55.1	20.007
55.1	20.004
55.3	20.008
55.4	20.001
55.4	20.005
55.6	20.008
55.8	20.001
55.8	20.008
56	20.001
56.3	20.004
56.3	20.004
56.5	20.007
56.7	20.011
56.7	20.011
56.9	20.013
57.1	20.013
57.1	20.016
57.2	20.019
57.4	20.022
57.4	20.022
57.7	20.027
57.9	20.025
57.9	20.025
58	20.03
58.2	20.03
58.2	20.028
58.4	20.031
58.5	20.037
58.5	20.036
58.7	20.039
58.9	20.043
58.9	20.04
59.1	20.046
59.3	20.052
59.3	20.049
59.5	20.056
59.7	20.052
59.7	20.058
59.9	20.071
60.1	20.067
60.1	20.068
60.3	20.068
60.4	20.065
60.4	20.068
60.6	20.071
60.8	20.068
60.8	20.071
61	20.071
61	20.071
61.2	20.068
61.4	20.071
61.4	20.071
61.7	20.072
61.9	20.072
61.9	20.072
62.1	20.069
62.2	20.059
62.2	20.069
62.4	20.072
62.7	20.069
62.7	20.066
62.8	20.069
63	20.065
63	20.066
63.2	20.069
63.4	20.059
63.4	20.062
63.5	20.062
63.7	20.056
63.7	20.061
64	20.06
64.2	20.056
64.2	20.055
64.4	20.05
64.6	20.063
64.6	20.056
64.8	20.053
65	20.05
65	20.05
65.2	20.047
65.4	20.044
65.4	20.041
65.7	20.041
65.8	20.047
65.8	20.037
66	20.037
66.1	20.033
66.1	20.031
66.3	20.031
66.5	20.031
66.5	20.031
66.6	20.03
66.8	20.027
66.8	20.028
67	20.025
67.3	20.028
67.3	20.025
67.5	20.025
67.7	20.026
67.7	20.025
67.9	20.024
68.1	20.028
68.1	20.028
68.3	20.031
68.32	20.024
68.5	20.024
68.7	20.024
68.7	20.031
68.9	20.027
69.1	20.028
69.1	20.03
69.3	20.028
69.4	20.034
69.4	20.033
69.6	20.037
69.8	20.034
69.8	20.035
70	20.04
70.2	20.037
70.2	20.034
70.4	20.04
70.7	20.04
70.7	20.046
70.9	20.047
71.1	20.043
71.1	20.049
71.2	20.053
71.5	20.059
71.5	20.053
71.7	20.058
71.8	20.059
71.8	20.053
71.9	20.053
72.1	20.056
72.1	20.059
72.3	20.059
72.4	20.066
72.4	20.059
72.6	20.053
72.9	20.057
72.9	20.059
73.1	20.059
73.3	20.06
73.3	20.06
73.5	20.062
73.7	20.063
73.7	20.053
73.9	20.047
74.1	20.053
74.1	20.062
74.3	20.053
74.5	20.062
74.5	20.062
74.7	20.063
75	20.069
75	20.066
75	20.072
75.4	20.065
75.4	20.062
75.6	20.047
75.8	20.053
75.8	20.048
76	20.047
76	20.05
76.1	20.06
76.3	20.041
76.3	20.047
76.5	20.041
76.6	20.054
76.6	20.05
76.8	20.035
77	20.032
77	20.028
77.2	20.038
77.4	20.026
77.4	20.035
77.6	20.034
77.8	20.044
77.8	20.024
78	20.026
78.2	20.013
78.2	20.035
78.3	20.022
78.5	20.02
78.5	20.001
78.6	20.007
78.9	20.004
78.9	20.008
78.9	20.008
79.1	20.014
79.1	20.008
79.2	20.021
79.4	19.989
79.4	20.001
79.5	19.995
79.6	19.998
79.6	20.004
79.7	19.983
79.8	20.008
79.8	19.992
79.9	19.992
80	20.003
80	19.988
80	19.987
80.1	19.995
80.1	19.995
80.2	19.978
80.2	19.995
80.2	19.992
80.3	19.993
80.3	20.001
80.3	20.001
80.3	19.992
80.4	19.989
80.4	19.989
80.4	19.994
80.5	19.992
80.5	19.996
80.5	19.974
80.5	19.994