Temperature	Strain
0	13.812
0	13.815
0	13.815
0	13.818
0	13.818
0	13.818
0	13.828
0	13.826
0	13.828
0	13.827
0	13.827
0	13.834
0	13.825
0	13.84
0	13.834
0	13.834
0	13.846
0	13.845
23.3	13.847
23.3	13.843
23.3	13.846
23.3	13.842
23.3	13.844
23.3	13.849
23.3	13.851
23.3	13.852
23.3	13.851
23.3	13.848
23.3	13.846
23.3	13.855
23.3	13.861
23.3	13.861
23.3	13.861
23.3	13.858
23.3	13.86
23.3	13.861
23.3	13.861
23.3	13.863
23.3	13.866
23.3	13.873
23.3	13.869
23.3	13.876
23.3	13.879
23.3	13.879
23.3	13.883
23.3	13.884
23.3	13.9
23.3	13.898
23.3	13.899
23.3	13.897
23.3	13.893
23.3	13.89
23.2	13.888
23.2	13.891
23.2	13.894
23.2	13.895
23.3	13.888
23.3	13.892
23.3	13.896
23.2	13.89
23.2	13.891
23.2	13.891
23.2	13.895
23.2	13.892
23.2	13.895
23.2	13.889
23.2	13.89
23.2	13.898
23.2	13.895
23.2	13.889
23.2	13.889
23.2	13.905
23.2	13.9
23.2	13.892
23.2	13.892
23.2	13.889
23.2	13.886
23.2	13.891
23.2	13.895
23.2	13.895
23.2	13.895
23.2	13.889
23.2	13.898
23.2	13.896
23.2	13.892
23.2	13.898
23.2	13.898
23.2	13.892
23.2	13.892
23.2	13.893
23.2	13.892
23.2	13.889
23.2	13.893
23.2	13.889
23.2	13.886
23.2	13.889
23.2	13.899
23.2	13.898
23.2	13.895
23.2	13.892
23.2	13.892
23.2	13.892
23.2	13.892
23.2	13.892
23.2	13.888
23.2	13.892
23.2	13.889
23.2	13.889
23.1	13.892
23.2	13.892
23.2	13.889
23.2	13.891
23.1	13.892
23.1	13.892
23.2	13.891
23.2	13.892
23.2	13.891
23.1	13.882
23.1	13.873
23.1	13.873
23.2	13.882
23.2	13.863
23.2	13.868
23.2	13.867
23.2	13.867
23.2	13.867
23.2	13.868
23.3	13.87
23.3	13.867
23.3	13.867
23.4	13.87
23.4	13.867
23.4	13.864
23.5	13.867
23.5	13.867
23.6	13.87
23.6	13.867
23.7	13.87
23.9	13.873
23.9	13.868
24	13.871
24.2	13.868
24.2	13.871
24.3	13.871
24.5	13.871
24.5	13.871
24.7	13.867
24.9	13.874
24.9	13.868
25.1	13.868
25.3	13.868
25.3	13.868
25.5	13.868
25.8	13.865
25.8	13.871
26	13.872
26.3	13.871
26.3	13.868
26.6	13.872
26.9	13.871
26.9	13.871
27.2	13.868
27.5	13.869
27.5	13.869
27.9	13.871
28.1	13.867
28.1	13.868
28.4	13.868
28.8	13.865
28.8	13.864
29.2	13.868
29.5	13.865
29.5	13.868
29.9	13.867
30.2	13.87
30.2	13.87
30.6	13.874
30.9	13.87
30.9	13.873
31.3	13.871
31.7	13.87
31.7	13.867
32	13.87
32.3	13.87
32.3	13.87
32.7	13.87
33.1	13.87
33.1	13.87
33.4	13.87
33.8	13.867
33.8	13.867
34.2	13.87
34.56	13.87
34.6	13.867
34.9	13.867
34.9	13.867
35.2	13.867
35.6	13.865
35.6	13.868
36	13.867
36.3	13.867
36.3	13.865
36.7	13.864
37	13.861
37	13.868
37.4	13.865
37.7	13.871
37.7	13.868
38.1	13.868
38.4	13.864
38.4	13.865
38.8	13.862
39.2	13.861
39.2	13.865
39.5	13.861
39.8	13.859
39.8	13.861
40.2	13.865
40.6	13.865
40.6	13.861
40.9	13.865
41.3	13.864
41.3	13.864
41.7	13.865
42	13.868
42	13.865
42.4	13.865
42.7	13.864
42.7	13.865
43.1	13.864
43.4	13.867
43.4	13.864
43.8	13.862
44.2	13.864
44.2	13.863
44.6	13.864
45	13.864
45	13.864
45.3	13.864
45.7	13.867
45.7	13.867
46	13.867
46.4	13.867
46.4	13.868
46.7	13.867
47.1	13.867
47.1	13.867
47.4	13.867
47.7	13.87
47.7	13.867
48.1	13.871
48.1	13.871
48.4	13.868
48.8	13.871
48.8	13.869
49.1	13.871
49.5	13.871
49.5	13.871
49.8	13.868
50.1	13.868
50.1	13.868
50.5	13.868
50.8	13.867
50.8	13.869
51.1	13.867
51.5	13.865
51.5	13.869
51.8	13.866
52.2	13.868
52.2	13.866
52.5	13.865
52.8	13.866
52.8	13.864
53.2	13.865
53.5	13.865
53.5	13.868
53.8	13.864
54.2	13.862
54.2	13.859
54.5	13.862
54.8	13.858
54.8	13.864
55.2	13.861
55.5	13.861
55.5	13.861
55.9	13.858
56.2	13.858
56.2	13.858
56.5	13.861
56.9	13.864
56.9	13.861
57.2	13.861
57.5	13.861
57.5	13.861
57.9	13.864
58.2	13.861
58.2	13.858
58.5	13.862
58.9	13.858
58.9	13.856
59.2	13.861
59.5	13.862
59.5	13.859
59.8	13.859
60.1	13.865
60.1	13.865
60.4	13.862
60.4	13.859
60.7	13.865
61.1	13.865
61.1	13.869
61.4	13.865
61.7	13.865
61.7	13.869
62	13.865
62.4	13.868
62.4	13.868
62.7	13.869
63	13.868
63	13.865
63.3	13.865
63.7	13.868
63.7	13.868
64	13.868
64.3	13.867
64.3	13.874
64.6	13.87
64.9	13.874
64.9	13.87
65.3	13.873
65.6	13.87
65.6	13.87
65.9	13.864
66.1	13.871
66.1	13.864
66.5	13.864
66.7	13.865
66.7	13.867
67.1	13.868
67.3	13.871
67.3	13.868
67.7	13.862
68	13.863
68	13.865
68.3	13.862
68.6	13.862
68.6	13.868
68.9	13.865
69.2	13.862
69.2	13.859
69.5	13.865
69.8	13.862
69.8	13.865
70.1	13.862
70.4	13.862
70.4	13.862
70.7	13.865
71	13.861
71	13.864
71.3	13.862
71.6	13.864
71.6	13.867
71.9	13.868
72.2	13.868
72.2	13.871
72.5	13.867
72.5	13.867
72.8	13.868
73.1	13.867
73.1	13.868
73.3	13.868
73.6	13.865
73.6	13.868
73.9	13.868
74.2	13.869
74.2	13.868
74.5	13.865
74.7	13.865
74.7	13.871
75.1	13.872
75.4	13.868
75.4	13.869
75.7	13.866
75.9	13.871
75.9	13.868
76.2	13.875
76.5	13.871
76.5	13.874
76.7	13.871
77	13.874
77	13.871
77.2	13.871
77.4	13.88
77.4	13.873
77.6	13.874
77.8	13.88
77.8	13.877
78	13.876
78.2	13.88
78.2	13.88
78.4	13.874
78.5	13.88
78.5	13.88
78.7	13.883
78.9	13.884
78.9	13.884
79	13.884
79.1	13.884
79.1	13.887
79.3	13.884
79.5	13.881
79.5	13.884
79.6	13.88
79.7	13.881
79.7	13.881
79.7	13.881
79.9	13.881
79.9	13.881
80	13.884
80.1	13.884
80.1	13.881
80.2	13.881
80.2	13.881
80.3	13.88
80.4	13.883
80.4	13.883
80.4	13.88
80.5	13.883
80.5	13.88
80.6	13.88
80.7	13.883
80.7	13.883
80.7	13.88
80.8	13.883
80.8	13.88
80.9	13.883
81	13.883
81	13.884
81	13.884
81	13.884
81	13.883
81.1	13.881
81.2	13.881
81.2	13.884
81.1	13.884
81.2	13.884
81.2	13.884
81.2	13.884
81.2	13.884
81.2	13.881
81.2	13.881
81.2	13.881
81.2	13.881
81.2	13.875
81.1	13.88
81.1	13.883
81.1	13.879
81.1	13.877
81.1	13.88
81.1	13.877
81	13.88
81	13.88
81	13.88
80.9	13.88
80.9	13.88
80.9	13.88
80.9	13.874
80.9	13.877
80.7	13.874
80.7	13.88
80.7	13.877
80.6	13.88
80.6	13.883
80.6	13.881
80.5	13.874
80.5	13.878
80.5	13.875
80.4	13.878
80.31	13.884
80.3	13.875
80.2	13.875
80.2	13.878
80.1	13.875
80	13.875
80	13.881
79.9	13.878
79.9	13.881
79.9	13.881
79.8	13.881
79.7	13.884
79.7	13.881
79.6	13.884
79.5	13.882
79.5	13.881
79.4	13.88
79.3	13.884
79.3	13.884
79.3	13.877
79.1	13.88
79.1	13.878
79.1	13.878
79	13.88
79	13.883
78.9	13.88
78.8	13.88
78.8	13.877
78.8	13.877
78.7	13.877
78.7	13.877
78.6	13.88
78.5	13.877
78.5	13.874
78.5	13.874
78.4	13.877
78.4	13.874
78.4	13.877
78.4	13.872
78.4	13.875
78.3	13.875
78.3	13.878
78.3	13.874
78.3	13.871
78.2	13.875
78.2	13.872
78.2	13.872
78.2	13.875
78.2	13.872
78.2	13.875
78.2	13.875
78.2	13.869
78.2	13.869
78.2	13.872
78.2	13.872
78.2	13.869
78.2	13.872
78.2	13.872
78.2	13.872
78.2	13.872
78.2	13.869
78.3	13.869
78.3	13.872
78.2	13.869
78.2	13.871
78.2	13.869
78.2	13.868
78.2	13.871
78.2	13.869
78.3	13.868
78.2	13.872
78.2	13.874
78.2	13.874
78.3	13.871
78.3	13.871
78.3	13.868
78.3	13.871
78.3	13.871
78.3	13.871
78.3	13.871
78.3	13.87
78.4	13.871
78.4	13.874
78.4	13.871
78.4	13.868
78.4	13.868
78.4	13.868
78.4	13.87
78.4	13.871
78.4	13.867
78.4	13.871
78.4	13.871
78.4	13.871
78.4	13.871
78.4	13.868
78.4	13.871
78.4	13.871
78.4	13.872
78.4	13.872
78.4	13.868
78.4	13.865
78.4	13.869
78.5	13.868
78.5	13.871
78.5	13.868
78.5	13.865
78.5	13.869
78.5	13.868
78.5	13.865
78.5	13.866
78.5	13.866
78.5	13.865
78.5	13.864
78.5	13.869
78.5	13.865
78.5	13.866
78.5	13.866
78.6	13.866
78.6	13.866
78.6	13.863
78.6	13.865
78.6	13.862
78.6	13.866
78.7	13.866
78.7	13.863
78.7	13.862
78.7	13.866
78.7	13.862
78.8	13.869
78.8	13.862
78.8	13.866
78.9	13.862
78.8	13.862
78.8	13.862
78.9	13.859
78.9	13.862
78.9	13.862
78.9	13.858
78.9	13.862
78.9	13.862
78.9	13.859
78.9	13.859
78.9	13.859
79	13.858
78.9	13.858
78.9	13.858
79	13.856
79	13.858
79	13.862
79	13.858
79	13.858
79	13.858
79	13.858
79.1	13.858
79.1	13.858
79.1	13.858
79.1	13.858
79.1	13.859
79.1	13.855
79.2	13.855
79.2	13.861
79.2	13.861
79.2	13.855
79.2	13.858
79.2	13.858
79.2	13.856
79.2	13.862
79.2	13.853
79.3	13.856
79.3	13.862
79.3	13.859
79.3	13.859
79.3	13.862
79.3	13.859
79.3	13.859
79.4	13.859
79.4	13.859
79.4	13.856
79.4	13.859
79.4	13.859
79.4	13.862
79.4	13.86
79.4	13.863
79.4	13.86
79.4	13.857
79.5	13.859
79.5	13.863
79.5	13.86
79.5	13.86
79.5	13.863
79.5	13.863
79.5	13.86
79.5	13.863
79.5	13.863
79.5	13.866
79.5	13.857
79.5	13.862
79.5	13.863
79.5	13.857
79.5	13.86
79.6	13.862
79.6	13.862
79.6	13.862
79.6	13.862
79.6	13.866
79.6	13.862
79.6	13.862
79.6	13.865
79.6	13.862
79.6	13.865
79.6	13.862
79.7	13.863
79.6	13.865
79.6	13.865
79.7	13.862
79.7	13.864
79.7	13.868
79.7	13.868
79.7	13.864
79.7	13.868
79.7	13.864
79.8	13.864
79.8	13.865
79.8	13.865
79.8	13.865
79.8	13.865
79.8	13.865
79.8	13.865
79.8	13.865
79.9	13.862
79.9	13.865
79.8	13.868
79.8	13.865
79.8	13.865
79.8	13.868
79.9	13.867
79.9	13.867
79.9	13.868
79.9	13.868
79.9	13.868
79.9	13.868
79.9	13.865
79.9	13.869
79.9	13.87
79.9	13.867
79.9	13.869
79.9	13.869
79.9	13.869
79.9	13.866
79.9	13.869
79.9	13.872
79.9	13.869
79.9	13.872
79.9	13.872
79.9	13.869
79.9	13.872
79.9	13.872
79.9	13.872
79.9	13.869
79.9	13.872
79.9	13.875
80	13.87
80	13.875
80	13.872
80	13.871
80	13.875
80	13.881
80	13.882
80	13.881
80	13.881
80	13.881
80	13.878
80	13.882
80	13.878
80	13.882
80	13.879
80	13.881
80	13.881
80	13.881
80	13.884
80	13.878
80	13.881
80	13.88
80	13.881
80	13.884
80	13.883
80	13.881
80	13.875
80	13.874
80	13.874
80	13.877
80	13.874
80	13.874
80	13.874
80	13.871
80	13.871
80	13.874
80	13.881
80	13.88
80	13.88
80.1	13.88
80.1	13.883
80.1	13.883
80	13.883
80	13.88
80	13.88
80.1	13.88
80.1	13.88
80.1	13.881
80.1	13.883
80.1	13.88
80.1	13.88
80.1	13.881
80.1	13.881
80.1	13.883
80.1	13.877
80.1	13.886
80.1	13.883
80.1	13.884
80.1	13.887
80.2	13.884
80.1	13.887
80.1	13.887
80.1	13.887
80.1	13.89
80.1	13.893
80.2	13.89
80.1	13.888
80.1	13.89
80.1	13.89
80.1	13.89
80.1	13.893
80.1	13.893
80.1	13.89
80.1	13.89
80.1	13.891
80.1	13.89
80.1	13.891
80.1	13.893
80.1	13.89
80.1	13.89
80.1	13.894
80.1	13.89
80.1	13.89
80.1	13.887
80.1	13.894
80.1	13.893
80.1	13.891
80.1	13.891
80.1	13.89
80.1	13.893
80.1	13.89
80.1	13.887
80.1	13.891
80.1	13.888
80.1	13.891
80.1	13.891
80.1	13.89
80.1	13.894
80.1	13.893
80.1	13.891
80.1	13.891
80.2	13.897
80.2	13.893
80.2	13.893
80.1	13.894
80.1	13.896
80.2	13.896
80.2	13.896
80.2	13.896
80.2	13.896
80.2	13.893
80.2	13.896
80.2	13.893
80.2	13.898
80.2	13.892
80.1	13.896
80.1	13.892
80.1	13.895
80.1	13.899
80.1	13.896
80.1	13.892
80.1	13.895
80.1	13.896
80.1	13.895
80.1	13.896
80.1	13.896
80.1	13.895
80.1	13.896
80.1	13.896
80.1	13.889
80.1	13.893
80.1	13.896
80.1	13.893
80.1	13.893
80.1	13.896
80.1	13.896
80	13.892
80	13.893
80	13.893
80	13.899
80	13.896
80	13.899
80.1	13.896
80.1	13.896
80.1	13.896
80.1	13.893
80.1	13.896
80.1	13.899
80.1	13.896
80.1	13.899
80.1	13.899
80	13.897
80	13.896
80.1	13.897
80.1	13.896
80.1	13.9
80.1	13.903
80.1	13.899
80.1	13.899
80.1	13.896
80.1	13.903
80.1	13.9
80.1	13.903
80.1	13.9
80.1	13.9
80.1	13.906
80.1	13.9
80.1	13.9
80.1	13.899
80.1	13.903
80.1	13.903
80.2	13.9
80.1	13.9
80.1	13.9
80.2	13.9
80.1	13.903
80.1	13.902
80.1	13.899
80.1	13.903
80.1	13.903
80.1	13.902
80.1	13.902
80.1	13.899
80.1	13.906
80.1	13.906
80.1	13.905
80.1	13.902
80.1	13.905
80.1	13.905
80.1	13.902
80.1	13.899
80.1	13.902
80.1	13.902
80.1	13.902
80.1	13.899
80.1	13.902
80	13.9
80	13.899
80	13.899
80	13.899
80	13.896
80	13.896
80	13.899
80	13.898
80	13.899
80	13.901
80.1	13.905
80.1	13.902
80.1	13.904
80	13.902
80.1	13.905
80.1	13.906
80.1	13.902
80.1	13.902
80.1	13.902
80.1	13.902
80.1	13.902
80.1	13.905
80.1	13.905
80.1	13.899
80.1	13.902
80.1	13.903
80.2	13.902
80.2	13.899
80.2	13.905
80.2	13.902
80.2	13.903
80.1	13.903
80.1	13.903
80.1	13.9
80.1	13.899
80.1	13.899
80.1	13.9
80.1	13.903
80.1	13.9
80.1	13.902
80.1	13.903
80.1	13.903
80.1	13.9
80.1	13.903
80	13.9
80	13.897
80	13.903
80	13.897
80	13.903
79.9	13.9
79.9	13.897
79.9	13.9
79.9	13.9
79.8	13.9
79.8	13.899
79.8	13.897
79.7	13.897
79.7	13.896
79.7	13.899
79.7	13.896
79.6	13.894
79.6	13.896
79.6	13.893
79.5	13.899
79.5	13.899
79.5	13.893
79.4	13.896
79.4	13.893
79.4	13.896
79.3	13.893
79.3	13.893
79.3	13.893
79.2	13.896
79.2	13.896
79.2	13.893
79.1	13.899
79.1	13.896
79.1	13.895
79	13.895
79	13.892
79	13.896
78.9	13.892
78.8	13.893
78.8	13.892
78.8	13.893
78.7	13.893
78.7	13.893
78.7	13.893
78.6	13.889
78.6	13.893
78.6	13.893
78.5	13.89
78.5	13.89
78.4	13.89
78.4	13.891
78.4	13.89
78.3	13.893
78.2	13.89
78.2	13.89
78.2	13.894
78.1	13.893
78.1	13.894
78.1	13.894
78	13.89
78	13.894
77.9	13.89
77.8	13.894
77.8	13.891
77.8	13.891
77.7	13.891
77.7	13.891
77.6	13.889
77.6	13.891
77.6	13.891
77.5	13.887
77.5	13.89
77.5	13.891
77.5	13.892
77.5	13.888
77.4	13.888
77.3	13.891
77.3	13.891
77.2	13.888
77.1	13.888
77.1	13.888
77	13.891
77	13.887
77	13.894
76.9	13.89
76.9	13.887
76.9	13.887
76.8	13.887
76.7	13.891
76.7	13.887
76.7	13.887
76.6	13.887
76.6	13.887
76.5	13.887
76.5	13.891
76.5	13.887
76.4	13.884
76.3	13.887
76.3	13.887
76.3	13.884
76.2	13.884
76.2	13.886
76.1	13.887
76	13.884
76	13.887
76	13.887
75.9	13.884
75.9	13.884
75.8	13.887
75.8	13.885
75.8	13.884
75.7	13.881
75.7	13.884
75.7	13.884
75.6	13.884
75.5	13.887
75.5	13.887
75.5	13.884
75.4	13.884
75.4	13.884
75.4	13.881
75.3	13.883
75.3	13.88
75.2	13.881
75.2	13.883
75.2	13.881
75.2	13.884
75.2	13.878
75.2	13.88
75	13.88
74.92	13.877
74.9	13.88
74.9	13.88
74.9	13.883
74.8	13.881
74.8	13.883
74.8	13.877
74.7	13.881
74.6	13.881
74.6	13.877
74.6	13.875
74.5	13.881
74.5	13.881
74.5	13.875
74.4	13.878
74.4	13.875
74.3	13.881
74.3	13.875
74.3	13.875
74.2	13.878
74.2	13.875
74.2	13.875
74.1	13.875
74.1	13.881
74.1	13.876
74	13.875
73.9	13.882
73.9	13.875
73.8	13.876
73.8	13.876
73.8	13.876
73.7	13.875
73.6	13.872
73.6	13.876
73.6	13.876
73.6	13.876
73.6	13.876
73.5	13.876
73.4	13.872
73.4	13.879
73.4	13.875
73.3	13.872
73.3	13.872
73.3	13.872
73.2	13.875
73.2	13.878
73.1	13.872
73.1	13.875
73.1	13.873
73	13.872
73	13.87
73	13.872
72.9	13.867
72.8	13.872
72.8	13.869
72.8	13.871
72.7	13.871
72.7	13.868
72.7	13.872
72.7	13.872
72.6	13.866
72.5	13.871
72.5	13.868
72.5	13.865
72.5	13.868
72.5	13.868
72.5	13.865
72.3	13.871
72.3	13.871
72.3	13.868
72.2	13.869
72.2	13.868
72.2	13.871
72.1	13.865
72.1	13.872
72.1	13.868
72	13.869
72	13.868
72	13.868
71.9	13.869
71.9	13.869
71.9	13.865
71.8	13.865
71.8	13.864
71.8	13.87
71.7	13.865
71.7	13.867
71.7	13.865
71.6	13.868
71.6	13.869
71.5	13.865
71.5	13.865
71.5	13.868
71.4	13.868
71.4	13.862
71.4	13.868
71.3	13.865
71.3	13.865
71.3	13.868
71.2	13.865
71.2	13.865
71.2	13.865
71.1	13.866
71.1	13.868
71.1	13.869
71	13.868
71	13.865
71	13.865
70.9	13.862
70.9	13.869
70.9	13.869
70.8	13.862
70.8	13.866
70.8	13.865
70.7	13.865
70.7	13.866
70.7	13.866
70.6	13.866
70.6	13.869
70.6	13.866
70.5	13.866
70.5	13.866
70.5	13.866
70.4	13.866
70.4	13.866
70.4	13.866
70.3	13.863
70.3	13.863
70.3	13.866
70.2	13.866
70.2	13.866
70.2	13.866
70.1	13.872
70.1	13.869
70.1	13.866
70	13.866
70	13.869
70	13.866
69.9	13.866
69.9	13.865
69.9	13.866
69.9	13.865
69.9	13.865
69.8	13.869
69.8	13.865
69.8	13.868
69.7	13.865
69.6	13.869
69.6	13.868
69.6	13.868
69.6	13.871
69.6	13.868
69.6	13.868
69.5	13.865
69.5	13.868
69.4	13.865
69.4	13.871
69.4	13.871
69.4	13.865
69.3	13.865
69.3	13.871
69.3	13.868
69.2	13.865
69.2	13.865
69.2	13.865
69.2	13.869
69.2	13.863
69.1	13.868
69	13.868
69	13.868
69	13.866
68.9	13.868
68.9	13.872
68.9	13.869
68.9	13.869
68.8	13.872
68.8	13.872
68.8	13.869
68.7	13.871
68.7	13.869
68.7	13.872
68.7	13.869
68.6	13.872
68.6	13.869
68.6	13.872
68.5	13.872
68.5	13.869
68.4	13.872
68.4	13.869
68.4	13.871
68.4	13.873
68.3	13.87
68.3	13.873
68.3	13.873
68.2	13.869
68.2	13.872
68.2	13.873
68.2	13.873
68.2	13.873
68.2	13.872
68.1	13.872
68.1	13.873
68	13.869
68	13.869
68	13.873
68	13.873
67.9	13.873
67.9	13.876
67.9	13.872
67.8	13.875
67.8	13.879
67.8	13.875
67.7	13.875
67.7	13.876
67.7	13.876
67.6	13.878
67.6	13.876
67.6	13.875
67.6	13.882
67.6	13.876
67.5	13.881
67.5	13.875
67.5	13.878
67.4	13.88
67.4	13.877
67.4	13.878
67.4	13.881
67.3	13.881
67.3	13.875
67.3	13.878
67.3	13.881
67.2	13.881
67.2	13.875
67.2	13.881
67.2	13.875
67.1	13.88
67.1	13.881
67.1	13.877
67.1	13.881
67.1	13.877
67	13.877
67	13.881
67	13.881
66.9	13.878
66.9	13.875
66.9	13.884
66.8	13.878
66.8	13.881
66.8	13.88
66.7	13.881
66.7	13.881
66.7	13.884
66.7	13.881
66.6	13.881
66.6	13.881
66.6	13.878
66.5	13.881
66.5	13.881
66.5	13.882
66.5	13.881
66.5	13.882
66.4	13.883
66.4	13.884
66.4	13.881
66.4	13.882
66.3	13.885
66.3	13.882
66.3	13.885
66.2	13.882
66.2	13.888
66.2	13.881
66.1	13.882
66.1	13.885
66.1	13.885
66.1	13.881
66.1	13.885
66	13.881
66	13.885
66	13.884
66	13.884
65.9	13.882
65.9	13.884
65.9	13.881
65.9	13.884
65.9	13.884
65.8	13.884
65.8	13.884
65.8	13.882
65.7	13.885
65.7	13.885
65.7	13.884
65.7	13.887
65.7	13.887
65.6	13.881
65.6	13.884
65.6	13.881
65.5	13.881
65.5	13.884
65.5	13.883
65.5	13.884
65.4	13.884
65.4	13.881
65.4	13.884
65.3	13.884
65.3	13.883
65.3	13.885
65.3	13.884
65.3	13.883
65.2	13.886
65.2	13.884
65.2	13.884
65.2	13.885
65.1	13.885
65.1	13.888
65.1	13.885
65	13.885
65	13.887
65	13.888
65	13.888
65	13.888
64.9	13.885
64.9	13.885
64.9	13.885
64.8	13.888
64.8	13.888
64.8	13.885
64.8	13.888
64.8	13.888
64.8	13.887
64.7	13.885
64.7	13.887
64.7	13.885
64.6	13.885
64.6	13.888
64.6	13.888
64.6	13.888
64.5	13.891
64.5	13.884
64.5	13.884
64.5	13.887
64.5	13.885
64.4	13.887
64.4	13.884
64.4	13.886
64.4	13.887
64.4	13.884
64.3	13.884
64.3	13.887
64.3	13.884
64.2	13.881
64.2	13.887
64.2	13.883
64.2	13.884
64.1	13.884
64.1	13.884
64.1	13.884
64	13.887
64	13.884
64	13.884
64	13.887
64	13.887
64	13.887
63.9	13.884
63.9	13.884
63.9	13.881
63.8	13.884
63.8	13.884
63.8	13.887
63.8	13.887
63.8	13.885
63.8	13.884
63.7	13.885
63.7	13.888
63.7	13.886
63.6	13.885
63.6	13.885
63.6	13.885
63.5	13.885
63.5	13.885
63.5	13.885
63.5	13.885
63.5	13.885
63.4	13.885
63.4	13.885
63.4	13.885
63.4	13.888
63.3	13.888
63.3	13.885
63.3	13.885
63.3	13.885
63.3	13.886
63.2	13.885
63.2	13.881
63.2	13.888
63.2	13.885
63.2	13.882
63.2	13.885
63.1	13.881
63.1	13.884
63.1	13.884
63	13.884
63	13.884
63	13.881
63	13.881
63	13.881
62.9	13.881
62.9	13.884
62.9	13.884
62.9	13.881
62.8	13.88
62.8	13.881
62.8	13.881
62.7	13.881
62.7	13.884
62.7	13.883
62.7	13.884
62.7	13.887
62.7	13.883
62.6	13.884
62.6	13.881
62.6	13.881
62.5	13.882
62.5	13.881
62.5	13.881
62.5	13.881
62.5	13.881
62.5	13.88
62.4	13.882
62.4	13.88
62.4	13.878
62.3	13.881
62.3	13.881
62.3	13.881
62.3	13.884
62.3	13.881
62.2	13.881
62.2	13.878
62.2	13.878
62.2	13.881
62.1	13.881
62.1	13.881
62.1	13.881
62.1	13.881
62.1	13.881
62.1	13.881
62	13.885
62	13.881
62	13.875
61.9	13.885
61.9	13.882
61.9	13.878
61.9	13.882
61.9	13.878
61.8	13.882
61.8	13.882
61.8	13.876
61.8	13.879
61.7	13.879
61.7	13.882
61.7	13.882
61.7	13.879
61.7	13.885
61.6	13.879
61.6	13.882
61.6	13.882
61.6	13.882
61.6	13.884
61.5	13.876
61.5	13.882
61.5	13.882
61.4	13.877
61.4	13.882
61.4	13.882
61.4	13.882
61.3	13.882
61.3	13.882
61.3	13.879
61.3	13.879
61.3	13.882
61.2	13.882
61.2	13.882
61.2	13.882
61.2	13.879
61.2	13.879
61.2	13.882
61.1	13.882
61.1	13.885
61.1	13.879
61.1	13.884
61	13.882
61	13.881
61	13.881
61	13.881
61	13.878
61	13.883
60.9	13.881
60.9	13.878
60.9	13.881
60.8	13.878
60.8	13.881
60.8	13.881
60.8	13.874
60.8	13.881
60.7	13.878
60.7	13.879
60.7	13.878
60.7	13.875
60.6	13.881
60.6	13.88
60.6	13.881
60.6	13.881
60.6	13.878
60.5	13.878
60.5	13.881
60.5	13.879
60.5	13.881
60.5	13.881
60.4	13.881
60.4	13.881
60.4	13.88
60.4	13.881
60.3	13.881
60.3	13.881
60.3	13.88
60.3	13.879
60.3	13.883
60.2	13.881
60.2	13.881
60.2	13.878
60.2	13.881
60.1	13.878
60.1	13.881
60.1	13.881
60.1	13.884
60.1	13.881
60	13.884
60	13.884
60	13.884
60	13.881
60	13.884
60	13.884
59.9	13.881
59.9	13.884
59.9	13.881
59.9	13.884
59.8	13.884
59.8	13.884
59.8	13.882
59.8	13.885
59.8	13.884
59.7	13.885
59.7	13.885
59.7	13.888
59.7	13.885
59.6	13.888
59.6	13.885
59.6	13.885
59.6	13.888
59.6	13.888
59.5	13.888
59.5	13.888
59.5	13.888
59.4	13.885
59.4	13.888
59.4	13.885
59.4	13.888
59.4	13.885
59.4	13.888
59.3	13.885
59.3	13.888
59.3	13.888
59.3	13.885
59.3	13.888
59.2	13.888
59.2	13.888
59.2	13.888
59.2	13.887
59.1	13.884
59.1	13.888
59.1	13.887
59.1	13.888
59.1	13.884
59	13.89
59	13.887
59	13.89
59	13.887
58.9	13.887
58.9	13.89
58.9	13.89
58.9	13.89
58.9	13.89
58.8	13.89
58.8	13.89
58.8	13.887
58.8	13.893
58.8	13.89
58.8	13.89
58.7	13.89
58.7	13.89
58.7	13.887
58.6	13.89
58.6	13.89
58.6	13.89
58.6	13.893
58.6	13.89
58.6	13.893
58.5	13.893
58.5	13.893
58.5	13.893
58.4	13.893
58.4	13.896
58.4	13.89
58.4	13.893
58.3	13.896
58.3	13.893
58.3	13.896
58.3	13.893
58.3	13.896
58.3	13.893
58.3	13.894
58.3	13.896
58.2	13.893
58.2	13.896
58.2	13.894
58.1	13.897
58.1	13.896
58.1	13.896
58.1	13.897
58	13.898
58	13.897
58	13.897
58	13.896
57.9	13.9
57.9	13.897
57.9	13.897
57.9	13.899
57.9	13.9
57.9	13.896
57.8	13.899
57.8	13.898
57.8	13.899
57.8	13.897
57.7	13.903
57.7	13.896
57.7	13.899
57.7	13.902
57.7	13.896
57.6	13.902
57.6	13.898
57.6	13.896
57.6	13.9
57.6	13.9
57.6	13.902
57.5	13.9
57.4	13.896
57.4	13.896
57.4	13.9
57.4	13.902
57.4	13.899
57.4	13.903
57.3	13.896
57.3	13.896
57.3	13.902
57.3	13.9
57.3	13.902
57.3	13.899
57.2	13.903
57.2	13.899
57.2	13.902
57.2	13.905
57.2	13.901
57.1	13.903
57.1	13.902
57.1	13.905
57	13.903
57	13.9
57	13.902
57	13.902
56.9	13.902
56.9	13.899
56.9	13.902
56.9	13.903
56.9	13.902
56.9	13.902
56.8	13.905
56.8	13.902
56.8	13.902
56.72	13.906
56.7	13.903
56.7	13.903
56.7	13.903
56.7	13.9
56.6	13.903
56.6	13.903
56.6	13.906
56.6	13.903
56.6	13.906
56.5	13.904
56.5	13.906
56.5	13.906
56.5	13.903
56.5	13.903
56.5	13.903
56.4	13.906
56.4	13.904
56.4	13.904
56.4	13.906
56.4	13.906
56.4	13.906
56.3	13.903
56.3	13.903
56.3	13.906
56.2	13.903
56.2	13.906
56.2	13.903
56.2	13.906
56.1	13.906
56.1	13.907
56.1	13.906
56.1	13.903
56.1	13.906
56	13.903
56	13.906
56	13.906
56	13.906
56	13.906
56	13.906
55.9	13.903
55.9	13.905
55.9	13.906
55.9	13.905
55.8	13.906
55.8	13.902
55.8	13.906
55.8	13.903
55.8	13.903
55.7	13.902
55.6	13.902
55.6	13.906
55.7	13.899
55.6	13.906
55.6	13.902
55.6	13.906
55.6	13.903
55.6	13.903
55.5	13.903
55.5	13.903
55.5	13.903
55.5	13.903
55.5	13.9
55.4	13.9
55.4	13.9
55.4	13.903
55.3	13.906
55.3	13.906
55.3	13.9
55.3	13.907
55.2	13.903
55.2	13.903
55.2	13.899
55.2	13.9
55.2	13.903
55.1	13.9
55.1	13.9
55.1	13.903
55.1	13.903
55.1	13.902
55.1	13.903
55	13.899
55	13.903
55	13.902
54.9	13.903
54.9	13.899
54.9	13.902
54.9	13.902
54.8	13.899
54.8	13.899
54.8	13.899
54.8	13.902
54.8	13.899
54.7	13.899
54.7	13.899
54.7	13.899
54.7	13.902
54.6	13.899
54.6	13.903
54.6	13.9
54.5	13.902
54.5	13.897
54.5	13.903
54.5	13.9
54.5	13.9
54.5	13.897
54.4	13.9
54.4	13.897
54.4	13.903
54.4	13.897
54.4	13.898
54.3	13.9
54.3	13.903
54.3	13.903
54.2	13.9
54.2	13.897
54.2	13.897
54.2	13.897
54.2	13.899
54.2	13.894
54.2	13.897
54.2	13.897
54.1	13.895
54.1	13.897
54.1	13.894
54	13.897
54	13.894
54	13.894
54	13.897
53.9	13.897
53.9	13.897
53.9	13.894
53.9	13.891
53.9	13.894
53.8	13.894
53.8	13.897
53.8	13.891
53.8	13.894
53.7	13.897
53.7	13.894
53.7	13.894
53.6	13.891
53.6	13.894
53.6	13.894
53.6	13.891
53.6	13.894
53.6	13.89
53.5	13.888
53.5	13.891
53.5	13.891
53.5	13.891
53.5	13.891
53.4	13.89
53.4	13.891
53.4	13.887
53.3	13.89
53.3	13.887
53.3	13.887
53.3	13.89
53.3	13.891
53.3	13.89
53.2	13.884
53.2	13.887
53.2	13.887
53.1	13.89
53.1	13.887
53.1	13.887
53.1	13.89
53.1	13.887
53.1	13.884
53	13.884
53	13.886
53	13.885
53	13.884
53	13.884
52.9	13.884
52.9	13.884
52.9	13.887
52.8	13.887
52.8	13.884
52.8	13.884
52.8	13.884
52.7	13.881
52.7	13.884
52.7	13.884
52.7	13.881
52.7	13.884
52.6	13.883
52.6	13.886
52.6	13.882
52.6	13.881
52.5	13.878
52.5	13.884
52.5	13.884
52.5	13.878
52.5	13.881
52.5	13.879
52.4	13.878
52.4	13.879
52.4	13.878
52.3	13.882
52.3	13.878
52.3	13.879
52.3	13.879
52.3	13.876
52.2	13.876
52.2	13.876
52.2	13.879
52.2	13.871
52.1	13.876
52.1	13.873
52.1	13.873
52.1	13.882
52.1	13.875
52	13.876
52	13.873
52	13.869
51.9	13.876
51.9	13.873
51.9	13.873
51.9	13.873
51.9	13.87
51.9	13.87
51.8	13.873
51.8	13.869
51.8	13.867
51.7	13.87
51.7	13.87
51.7	13.867
51.7	13.87
51.7	13.867
51.7	13.866
51.6	13.873
51.6	13.866
51.6	13.869
51.6	13.869
51.6	13.869
51.5	13.866
51.5	13.866
51.5	13.863
51.5	13.87
51.4	13.863
51.4	13.866
51.4	13.866
51.3	13.864
51.3	13.863
51.3	13.864
51.3	13.863
51.3	13.866
51.3	13.866
51.2	13.864
51.2	13.863
51.2	13.866
51.1	13.863
51.1	13.863
51.1	13.864
51	13.86
51	13.863
51	13.863
51	13.863
51	13.863
51	13.86
50.9	13.861
50.9	13.86
50.9	13.86
50.9	13.863
50.9	13.863
50.8	13.86
50.8	13.86
50.8	13.86
50.7	13.859
50.7	13.859
50.7	13.859
50.7	13.86
50.6	13.86
50.6	13.859
50.6	13.856
50.6	13.862
50.6	13.859
50.5	13.859
50.5	13.859
50.5	13.859
50.5	13.859
50.4	13.859
50.4	13.856
50.4	13.856
50.31	13.859
50.3	13.859
50.3	13.854
50.3	13.859
50.3	13.856
50.2	13.856
50.2	13.856
50.2	13.856
50.2	13.854
50.2	13.859
50.1	13.856
50.1	13.857
50.1	13.854
50.1	13.857
50	13.854
50	13.86
50	13.857
49.9	13.857
49.9	13.857
49.9	13.857
49.9	13.857
49.9	13.855
49.8	13.854
49.8	13.857
49.8	13.854
49.8	13.857
49.8	13.857
49.8	13.857
49.7	13.854
49.7	13.857
49.7	13.857
49.6	13.858
49.6	13.855
49.6	13.857
49.6	13.851
49.5	13.858
49.5	13.855
49.5	13.855
49.5	13.855
49.5	13.855
49.4	13.854
49.4	13.857
49.4	13.858
49.3	13.857
49.3	13.854
49.3	13.856
49.3	13.857
49.2	13.851
49.2	13.854
49.2	13.855
49.1	13.851
49.1	13.851
49.1	13.853
49	13.854
49	13.851
49	13.858
49	13.857
49	13.857
48.9	13.855
48.9	13.855
48.9	13.854
48.9	13.855
48.9	13.854
48.8	13.857
48.8	13.854
48.8	13.854
48.7	13.854
48.7	13.855
48.7	13.854
48.7	13.854
48.6	13.851
48.6	13.854
48.6	13.854
48.6	13.851
48.6	13.854
48.5	13.854
48.5	13.854
48.5	13.851
48.4	13.853
48.4	13.851
48.4	13.854
48.4	13.853
48.3	13.854
48.3	13.853
48.3	13.854
48.2	13.853
48.2	13.853
48.2	13.85
48.1	13.853
48.1	13.853
48.1	13.853
48.1	13.857
48.1	13.85
48	13.853
48	13.857
48	13.856
47.9	13.853
47.9	13.853
47.9	13.853
47.8	13.856
47.8	13.853
47.8	13.856
47.8	13.854
47.7	13.853
47.7	13.853
47.6	13.853
47.5	13.853
47.5	13.851
47.5	13.857
47.4	13.856
47.4	13.857
47.4	13.856
47.3	13.854
47.3	13.857
47.3	13.854
47.3	13.857
47.2	13.857
47.2	13.854
47.2	13.86
47.1	13.857
47	13.855
47	13.855
47	13.858
46.9	13.851
46.9	13.854
46.9	13.857
46.8	13.854
46.8	13.857
46.8	13.86
46.7	13.854
46.7	13.857
46.7	13.857
46.6	13.858
46.6	13.854
46.5	13.857
46.4	13.857
46.4	13.86
46.4	13.86
46.3	13.86
46.3	13.86
46.2	13.86
46.2	13.86
46.2	13.86
46.1	13.863
46	13.863
46	13.859
46	13.862
45.9	13.862
45.9	13.859
45.8	13.862
45.8	13.862
45.8	13.862
45.7	13.859
45.7	13.859
45.7	13.862
45.6	13.865
45.5	13.863
45.5	13.862
45.4	13.863
45.3	13.863
45.3	13.863
45.2	13.865
45.1	13.862
45.1	13.863
45.1	13.863
45	13.865
45	13.863
44.9	13.863
44.9	13.863
44.9	13.866
44.8	13.863
44.7	13.866
44.7	13.863
44.7	13.866
44.7	13.864
44.6	13.866
44.5	13.867
44.5	13.87
44.4	13.866
44.3	13.87
44.3	13.863
44.3	13.866
44.2	13.867
44.2	13.869
44.1	13.867
44	13.87
44	13.87
43.9	13.866
43.9	13.87
43.9	13.87
43.8	13.866
43.7	13.87
43.7	13.873
43.7	13.87
43.6	13.87
43.6	13.87
43.5	13.872
43.4	13.87
43.4	13.872
43.3	13.873
43.2	13.873
43.2	13.873
43.1	13.873
43	13.876
43	13.873
42.9	13.873
42.8	13.876
42.8	13.876
42.7	13.873
42.7	13.873
42.7	13.876
42.6	13.876
42.5	13.873
42.5	13.876
42.5	13.873
42.4	13.87
42.4	13.873
42.3	13.876
42.1	13.876
42.1	13.873
42	13.876
41.9	13.876
41.9	13.876
41.8	13.876
41.8	13.876
41.8	13.876
41.7	13.873
41.7	13.876
41.7	13.875
41.6	13.875
41.6	13.873
41.6	13.876
41.6	13.873
41.6	13.876
41.4	13.872
41.3	13.872
41.3	13.872
41.2	13.872
41.2	13.872
41.2	13.876
41	13.869
40.9	13.872
40.9	13.873
40.8	13.872
40.8	13.873
40.8	13.869
40.7	13.869
40.7	13.872
40.7	13.869
40.6	13.872
40.6	13.875
40.6	13.873
40.5	13.872
40.4	13.874
40.4	13.871
40.4	13.872
40.3	13.872
40.3	13.872
40.2	13.872
40	13.872
40	13.87
40	13.866
39.9	13.872
39.9	13.869
39.8	13.872
39.8	13.87
39.8	13.866
39.7	13.873
39.6	13.866
39.6	13.871
39.5	13.866
39.4	13.869
39.4	13.869
39.3	13.869
39.2	13.869
39.2	13.866
39.1	13.871
39.1	13.87
39.1	13.866
39	13.866
39	13.869
39	13.87
38.9	13.867
38.9	13.87
38.9	13.87
38.8	13.87
38.71	13.87
38.7	13.873
38.6	13.87
38.6	13.87
38.5	13.869
38.4	13.87
38.4	13.87
38.3	13.873
38.2	13.869
38.2	13.87
38.1	13.869
38	13.873
38	13.869
37.9	13.875
37.8	13.872
37.8	13.869
37.8	13.869
37.7	13.872
37.7	13.869
37.7	13.872
37.7	13.872
37.7	13.866
37.6	13.872
37.5	13.875
37.5	13.872
37.5	13.869
37.3	13.872
37.3	13.872
37.3	13.872
37.2	13.868
37.2	13.869
37.1	13.872
37	13.868
37	13.872
36.9	13.869
36.8	13.869
36.8	13.872
36.8	13.865
36.7	13.872
36.7	13.868
36.7	13.872
36.6	13.872
36.6	13.869
36.5	13.871
36.5	13.869
36.5	13.872
36.4	13.868
36.3	13.872
36.3	13.872
36.3	13.875
36.2	13.872
36.2	13.872
36.1	13.872
36.1	13.871
36.1	13.875
36	13.871
35.9	13.872
35.9	13.875
35.9	13.872
35.9	13.872
35.8	13.872
35.8	13.875
35.8	13.875
35.7	13.876
35.7	13.875
35.7	13.877
35.6	13.875
35.5	13.879
35.5	13.882
35.4	13.875
35.4	13.878
35.4	13.877
35.3	13.882
35.2	13.876
35.2	13.885
35.1	13.879
35.1	13.882
35.1	13.876
34.9	13.882
34.8	13.885
34.8	13.882
34.7	13.883
34.7	13.879
34.7	13.882
34.6	13.882
34.6	13.883
34.6	13.885
34.5	13.882
34.4	13.882
34.4	13.881
34.4	13.885
34.3	13.883
34.3	13.881
34.3	13.885
34.2	13.882
34.2	13.884
34	13.884
34	13.884
34	13.884
34	13.884
33.9	13.887
33.9	13.884
33.9	13.884
33.8	13.884
33.8	13.884
33.8	13.884
33.7	13.887
33.7	13.882
33.6	13.885
33.5	13.884
33.5	13.885
33.5	13.884
33.3	13.884
33.3	13.887
33.2	13.885
33.11	13.884
33.1	13.884
33	13.887
33	13.885
32.9	13.885
32.9	13.884
32.9	13.888
32.9	13.885
32.8	13.888
32.8	13.885
32.7	13.885
32.7	13.882
32.7	13.887
32.6	13.885
32.6	13.891
32.6	13.888
32.5	13.886
32.4	13.888
32.4	13.882
32.4	13.885
32.3	13.885
32.3	13.885
32.2	13.885
32.2	13.885
32.2	13.888
32.1	13.885
32.1	13.888
32.1	13.888
32	13.888
32	13.885
32	13.888
32	13.891
31.9	13.888
31.9	13.888
31.8	13.888
31.7	13.888
31.7	13.884
31.6	13.89
31.5	13.89
31.5	13.887
31.5	13.887
31.4	13.887
31.4	13.884
31.4	13.887
31.3	13.887
31.3	13.887
31.2	13.89
31.2	13.89
31.2	13.887
31.1	13.887
31.1	13.886
31.1	13.89
31	13.889
31	13.888
31	13.887
30.9	13.887
30.8	13.887
30.8	13.887
30.7	13.887
30.7	13.887
30.7	13.887
30.6	13.89
30.6	13.888
30.5	13.887
30.5	13.888
30.5	13.888
30.4	13.886
30.4	13.885
30.4	13.885
30.3	13.888
30.2	13.885
30.2	13.888
30.2	13.885
30.1	13.888
30.1	13.885
30.1	13.885
30	13.885
30	13.882
30	13.882
30	13.882
30	13.885
29.9	13.885
29.9	13.882
29.9	13.882
29.8	13.882
29.7	13.879
29.7	13.885
29.6	13.885
29.5	13.882
29.5	13.88
29.4	13.879
29.3	13.882
29.3	13.882
29.3	13.88
29.2	13.879
29.2	13.885
29.2	13.88
29.1	13.883
29.1	13.879
29.1	13.878
29.1	13.882
29.1	13.882
29	13.879
28.9	13.882
28.9	13.882
28.9	13.876
28.8	13.876
28.8	13.876
28.8	13.876
28.7	13.879
28.7	13.876
28.6	13.875
28.5	13.882
28.5	13.873
28.4	13.876
28.4	13.872
28.4	13.876
28.3	13.872
28.3	13.873
28.3	13.876
28.2	13.872
28.2	13.873
28.2	13.876
28.1	13.875
28.1	13.876
28.1	13.876
28	13.873
28	13.87
28	13.876
28	13.873
28	13.872
27.9	13.873
27.9	13.875
27.9	13.876
27.8	13.873
27.7	13.873
27.7	13.873
27.7	13.873
27.6	13.873
27.6	13.873
27.6	13.876
27.5	13.873
27.5	13.87
27.5	13.87
27.4	13.87
27.4	13.869
27.4	13.869
27.3	13.873
27.3	13.866
27.3	13.866
27.2	13.866
27.2	13.866
27.2	13.866
27.2	13.866
27.2	13.866
27.1	13.869
27.1	13.869
27.1	13.869
27.1	13.866
27	13.869
27	13.869
27	13.869
27	13.866
27	13.866
26.9	13.869
26.8	13.866
26.8	13.869
26.8	13.863
26.7	13.865
26.7	13.869
26.7	13.863
26.7	13.865
26.7	13.865
26.7	13.865
26.7	13.865
26.7	13.862
26.6	13.862
26.6	13.865
26.6	13.869
26.5	13.865
26.5	13.865
26.4	13.865
26.4	13.866
26.4	13.865
26.3	13.869
26.2	13.865
26.2	13.866
26.2	13.867
26.1	13.866
26.1	13.869
26.1	13.866
26	13.866
26	13.866
25.9	13.863
25.8	13.863
25.8	13.866
25.8	13.865
25.8	13.866
25.8	13.87
25.7	13.867
25.7	13.867
25.7	13.866
25.6	13.866
25.6	13.866
25.6	13.867
25.5	13.87
25.4	13.867
25.4	13.87
25.4	13.866
25.3	13.866
25.3	13.867
25.3	13.866
25.3	13.87
25.3	13.865
25.2	13.867
25.1	13.868
25.1	13.87
25.1	13.866
25	13.866
25	13.863
25	13.863
25	13.863
25	13.866
24.9	13.865
24.9	13.866
24.9	13.866
24.9	13.865
24.8	13.868
24.8	13.862
24.8	13.869
24.8	13.865
24.8	13.865
24.8	13.866
24.8	13.868
24.8	13.869
24.8	13.868
24.8	13.866
24.7	13.866
24.7	13.866
24.7	13.863
24.7	13.869
24.7	13.866
24.7	13.866
24.7	13.869
24.7	13.872
24.7	13.869
24.7	13.869
24.7	13.866
24.7	13.873
24.7	13.869
24.7	13.866
24.7	13.87
24.7	13.869
24.7	13.873
24.7	13.87
24.7	13.869
24.7	13.87
24.7	13.87
24.7	13.87
24.7	13.873
24.7	13.873
24.7	13.87
24.7	13.87
24.7	13.873
24.7	13.869
24.7	13.869
24.7	13.87
24.7	13.873
24.8	13.869
24.8	13.869
24.8	13.869
24.8	13.869
24.8	13.869
24.8	13.868
24.8	13.871
24.8	13.872
24.8	13.872
24.8	13.869
24.8	13.872
24.8	13.869
24.8	13.869
24.8	13.871
24.8	13.872
24.9	13.868
24.9	13.875
24.8	13.872
24.9	13.875
24.9	13.869
24.9	13.872
24.9	13.872
24.9	13.875
24.9	13.875
24.9	13.872
24.9	13.872
24.9	13.876
24.9	13.87
24.9	13.879
24.9	13.876
24.9	13.876
24.9	13.876
24.9	13.876
24.9	13.882
24.9	13.879
24.9	13.876
24.9	13.879
24.9	13.882
24.8	13.879
24.8	13.882
24.8	13.882
24.7	13.879
24.7	13.882
24.7	13.879
24.7	13.879
24.7	13.885
24.7	13.882
24.6	13.881
24.6	13.879
24.6	13.885
24.6	13.882
24.6	13.882
24.6	13.881
24.6	13.883
24.6	13.882
24.5	13.881
24.4	13.884
24.4	13.881
24.4	13.884
24.3	13.884
24.3	13.881
24.2	13.882
24.1	13.881
24.1	13.881
24	13.884
24	13.882
24	13.884
23.9	13.884
23.9	13.885
23.9	13.885
23.9	13.887
23.9	13.884
23.9	13.884
23.9	13.884
23.8	13.885
23.8	13.885
23.7	13.888
23.7	13.888
23.6	13.888
23.6	13.888
23.6	13.888
23.5	13.888
23.4	13.885
23.4	13.885
23.3	13.888
23.1	13.888
23.1	13.888
23.1	13.888
23	13.887
23	13.888
23	13.888
22.9	13.888
22.9	13.888
22.9	13.888
22.9	13.891
22.9	13.891
22.7	13.888
22.6	13.888
22.6	13.887
22.6	13.887
22.5	13.887
22.5	13.884
22.4	13.887
22.3	13.884
22.3	13.89
22.3	13.887
22.3	13.887
22.3	13.89
22.3	13.887
22.2	13.887
22.2	13.887
22.1	13.89
22	13.89
22	13.888
21.9	13.887
21.8	13.887
21.8	13.888
21.8	13.887
21.7	13.891
21.7	13.888
21.7	13.887
21.6	13.888
21.6	13.888
21.5	13.888
21.5	13.888
21.5	13.891
21.4	13.891
21.3	13.888
21.3	13.888
21.3	13.886
21.3	13.891
21.3	13.888
21.2	13.89
21.2	13.891
21.2	13.891
21.1	13.888
21.1	13.888
21	13.888
21	13.885
21	13.891
20.9	13.89
20.8	13.89
20.8	13.887
20.7	13.887
20.7	13.884
20.7	13.889
20.6	13.89
20.5	13.884
20.5	13.884
20.5	13.89
20.4	13.887
20.4	13.887
20.4	13.887
20.3	13.887
20.3	13.89
20.3	13.89
20.3	13.887
20.3	13.887
20.2	13.887
20.1	13.885
20.1	13.888
20	13.885
19.8	13.888
19.8	13.888
19.8	13.888
19.6	13.888
19.6	13.888
19.6	13.885
19.6	13.887
19.6	13.888
19.5	13.885
19.4	13.888
19.4	13.889
19.3	13.885
19.3	13.889
19.3	13.888
19.3	13.887
19.3	13.885
19.3	13.888
19.2	13.886
19.2	13.885
19.2	13.888
19.1	13.885
19.1	13.888
19.1	13.888
19	13.888
18.9	13.887
18.9	13.884
18.9	13.885
18.9	13.887
18.9	13.888
18.8	13.887
18.8	13.887
18.7	13.884
18.7	13.887
18.7	13.887
18.6	13.884
18.6	13.884
18.6	13.886
18.5	13.887
18.5	13.887
18.5	13.884
18.4	13.887
18.3	13.89
18.3	13.887
18.2	13.887
18.1	13.887
18.1	13.888
18.1	13.888
18	13.888
18	13.888
18	13.888
18	13.885
18	13.888
18	13.891
17.9	13.889
17.9	13.885
17.9	13.885
17.8	13.888
17.8	13.891
17.7	13.888
17.7	13.889
17.7	13.888
17.6	13.885
17.5	13.891
17.5	13.888
17.5	13.891
17.4	13.888
17.4	13.891
17.4	13.888
17.2	13.888
17.2	13.891
17.2	13.888
17.2	13.884
17.2	13.887
17.2	13.887
17.1	13.89
17.1	13.887
17	13.881
16.9	13.884
16.9	13.881
16.9	13.881
16.7	13.881
16.7	13.875
16.6	13.878
16.6	13.881
16.6	13.881
16.5	13.878
16.5	13.881
16.5	13.878
16.4	13.881
16.4	13.881
16.4	13.887
16.3	13.887
16.3	13.888
16.2	13.887
16.2	13.885
16.2	13.888
16.1	13.887
16.1	13.888
16.1	13.888
16.1	13.888
16	13.888
16	13.888
16	13.885
15.9	13.888
15.9	13.885
15.9	13.886
15.8	13.885
15.8	13.888
15.8	13.885
15.7	13.888
15.7	13.885
15.7	13.885
15.6	13.885
15.6	13.882
15.5	13.884
15.4	13.888
15.4	13.884
15.4	13.885
15.4	13.884
15.4	13.881
15.3	13.881
15.1	13.881
15.1	13.877
15.1	13.881
15.1	13.883
15.1	13.884
15.1	13.881
15	13.878
15	13.884
15	13.881
14.9	13.881
14.9	13.879
14.9	13.881
14.8	13.881
14.8	13.881
14.8	13.881
14.7	13.875
14.7	13.875
14.6	13.875
14.6	13.875
14.6	13.875
14.5	13.875
14.5	13.878
14.5	13.879
14.4	13.882
14.4	13.876
14.5	13.875
14.4	13.876
14.4	13.879
14.4	13.879
14.4	13.876
14.4	13.876
14.3	13.876
14.3	13.879
14.3	13.876
14.2	13.876
14.1	13.876
14.1	13.876
14.1	13.873
14	13.876
14	13.876
13.9	13.873
13.9	13.876
13.9	13.873
13.9	13.873
13.9	13.876
13.9	13.876
13.8	13.873
13.8	13.876
13.8	13.872
13.8	13.872
13.7	13.872
13.7	13.873
13.6	13.875
13.6	13.872
13.6	13.872
13.4	13.872
13.4	13.872
13.4	13.872
13.3	13.872
13.3	13.875
13.3	13.872
13.2	13.875
13.1	13.872
13.1	13.872
13.1	13.875
13	13.875
13	13.875
12.9	13.872
12.9	13.872
12.9	13.872
12.9	13.869
12.8	13.872
12.8	13.872
12.8	13.875
12.7	13.875
12.7	13.869
12.6	13.875
12.5	13.879
12.5	13.876
12.5	13.873
12.5	13.873
12.4	13.873
12.4	13.87
12.4	13.87
12.4	13.87
12.3	13.87
12.3	13.87
12.3	13.873
12.2	13.867
12.2	13.87
12.2	13.87
12.1	13.867
12.1	13.87
12.1	13.867
12	13.87
12	13.866
12	13.866
11.9	13.873
11.9	13.869
11.9	13.866
11.9	13.869
11.9	13.87
11.8	13.872
11.8	13.869
11.8	13.866
11.7	13.869
11.7	13.869
11.7	13.866
11.7	13.868
11.7	13.869
11.7	13.869
11.7	13.87
11.5	13.868
11.5	13.872
11.5	13.872
11.4	13.87
11.4	13.871
11.4	13.872
11.4	13.88
11.4	13.872
11.3	13.872
11.2	13.867
11.2	13.865
11.2	13.87
11.1	13.866
11.1	13.869
11	13.869
11	13.866
11	13.875
11	13.872
10.9	13.871
10.9	13.869
10.9	13.869
10.8	13.863
10.8	13.866
10.8	13.866
10.7	13.866
10.7	13.863
10.6	13.863
10.6	13.866
10.6	13.863
10.5	13.864
10.5	13.863
10.5	13.861
10.4	13.86
10.4	13.863
10.3	13.857
10.3	13.86
10.3	13.863
10.3	13.86
10.2	13.864
10.2	13.863
10.2	13.861
10.2	13.864
10.2	13.867
10.2	13.869
10.1	13.866
10.1	13.863
10	13.866
10	13.863
10	13.863
9.9	13.86
9.9	13.866
9.9	13.865
9.8	13.862
9.8	13.863
9.8	13.862
9.8	13.859
9.7	13.862
9.7	13.862
9.7	13.86
9.7	13.862
9.7	13.853
9.5	13.857
9.5	13.853
9.5	13.854
9.4	13.856
9.4	13.853
9.4	13.854
9.4	13.856
9.3	13.854
9.3	13.857
9.3	13.856
9.3	13.853
9.3	13.856
9.3	13.854
9.2	13.853
9.2	13.853
9.2	13.854
9.2	13.857
9.2	13.854
9.2	13.854
9	13.857
9	13.854
8.9	13.851
8.9	13.854
8.8	13.854
8.7	13.857
8.7	13.854
8.7	13.857
8.7	13.857
8.7	13.857
8.6	13.854
8.6	13.86
8.6	13.857
8.5	13.854
8.5	13.851
8.5	13.858
8.4	13.855
8.4	13.857
8.4	13.857
8.4	13.855
8.4	13.857
8.4	13.857
8.3	13.857
8.2	13.854
8.2	13.854
8.2	13.858
8.2	13.857
8.2	13.857
8.2	13.857
8.1	13.854
8.1	13.854
8.1	13.856
8	13.857
8	13.857
8	13.863
7.9	13.86
7.9	13.857
7.9	13.857
7.8	13.857
7.8	13.857
7.8	13.854
7.8	13.857
7.8	13.857
7.7	13.856
7.7	13.856
7.7	13.859
7.7	13.859
7.7	13.856
7.7	13.859
7.6	13.859
7.6	13.859
7.6	13.859
7.5	13.859
7.5	13.862
7.5	13.862
7.5	13.86
7.4	13.859
7.4	13.865
7.4	13.859
7.4	13.862
7.3	13.862
7.3	13.865
7.3	13.864
7.2	13.865
7.1	13.866
7.1	13.868
7.1	13.864
7	13.866
7	13.866
7	13.862
7	13.866
7	13.866
6.9	13.863
6.9	13.866
6.9	13.869
6.8	13.862
6.8	13.863
6.8	13.865
6.8	13.865
6.8	13.863
6.8	13.868
6.8	13.869
6.7	13.865
6.7	13.866
6.7	13.866
6.6	13.866
6.6	13.869
6.6	13.869
6.5	13.866
6.5	13.869
6.4	13.868
6.4	13.869
6.4	13.872
6.3	13.87
6.2	13.869
6.2	13.872
6.2	13.869
6.2	13.869
6.2	13.869
6.2	13.866
6.2	13.869
6.2	13.869
6.1	13.869
6	13.869
6	13.872
5.9	13.866
5.8	13.873
5.8	13.873
5.8	13.87
5.8	13.873
5.8	13.87
5.7	13.873
5.7	13.872
5.7	13.873
5.7	13.873
5.7	13.873
5.7	13.876
5.6	13.876
5.6	13.873
5.6	13.876
5.5	13.873
5.5	13.876
5.5	13.873
5.4	13.877
5.4	13.873
5.3	13.873
5.3	13.873
5.3	13.873
5.3	13.87
5.2	13.876
5.2	13.876
5.2	13.878
5.2	13.876
5.2	13.876
5.1	13.876
5.1	13.876
5.1	13.876
5	13.881
5	13.879
5	13.881
4.9	13.875
4.9	13.875
4.9	13.881
4.8	13.878
4.8	13.88
4.8	13.875
4.8	13.875
4.8	13.875
4.8	13.875
4.8	13.88
4.7	13.881
4.7	13.877
4.7	13.881
4.6	13.878
4.6	13.881
4.6	13.881
4.5	13.881
4.5	13.884
4.5	13.884
4.4	13.879
4.4	13.88
4.3	13.884
4.3	13.884
4.3	13.884
4.2	13.878
4.2	13.884
4.2	13.881
4.2	13.884
4.2	13.881
4.2	13.884
4.2	13.884
4.1	13.884
4.1	13.887
4.1	13.888
4.1	13.884
4.1	13.887
4	13.884
4	13.882
4	13.884
3.9	13.887
3.9	13.884
3.9	13.885
3.9	13.885
3.9	13.888
3.8	13.888
3.7	13.887
3.7	13.887
3.6	13.891
3.6	13.888
3.6	13.886
3.5	13.888
3.5	13.888
3.5	13.885
3.5	13.895
3.4	13.888
3.4	13.891
3.4	13.888
3.4	13.887
3.4	13.891
3.4	13.888
3.4	13.888
3.4	13.891
3.3	13.892
3.3	13.888
3.3	13.888
3.2	13.894
3.1	13.888
3.1	13.888
3.1	13.892
3.1	13.892
3.1	13.891
3	13.888
2.9	13.888
2.9	13.891
2.8	13.891
2.8	13.891
2.8	13.891
2.8	13.891
2.7	13.888
2.7	13.888
2.7	13.891
2.7	13.891
2.7	13.888
2.6	13.891
2.6	13.888
2.6	13.888
2.6	13.887
2.5	13.89
2.5	13.888
2.5	13.891
2.5	13.888
2.5	13.887
2.4	13.887
2.4	13.884
2.4	13.887
2.4	13.887
2.4	13.887
2.3	13.89
2.2	13.887
2.2	13.887
2.1	13.887
2.1	13.89
2.1	13.89
2	13.887
2	13.889
2	13.884
1.9	13.889
1.9	13.884
1.9	13.887
1.9	13.884
1.9	13.887
1.9	13.887
1.8	13.887
1.7	13.887
1.7	13.887
1.7	13.884
1.7	13.887
1.7	13.884
1.7	13.885
1.7	13.887
1.7	13.884
1.6	13.884
1.5	13.887
1.5	13.886
1.5	13.884
1.4	13.887
1.4	13.884
1.3	13.884
1.3	13.884
1.3	13.884
1.3	13.881
1.3	13.884
1.3	13.881
1.2	13.887
1.1	13.888
1.1	13.884
1.1	13.884
1.1	13.885
1.1	13.884
1	13.885
0.9	13.884
0.9	13.884
0.9	13.885
0.9	13.884
0.9	13.884
0.8	13.884
0.8	13.885
0.8	13.882
0.7	13.884
0.7	13.885
0.7	13.881
0.6	13.881
0.6	13.885
0.6	13.885
0.6	13.882
0.6	13.884
0.6	13.885
0.5	13.885
0.5	13.885
0.5	13.882
0.5	13.882
0.5	13.882
0.4	13.881
0.4	13.881
0.4	13.881
0.4	13.882
0.4	13.882
0.4	13.881
0.3	13.878
0.3	13.881
0.3	13.881
0.3	13.881
0.2	13.881
0.2	13.881
0.2	13.881
0.1	13.875
0.1	13.881
0.1	13.881
0	13.881
0	13.881
-0.1	13.875
-0.1	13.881
-0.1	13.878
-0.1	13.875
-0.2	13.875
-0.2	13.875
-0.2	13.878
-0.2	13.875
-0.2	13.875
-0.3	13.881
-0.2	13.875
-0.2	13.872
-0.3	13.875
-0.3	13.875
-0.3	13.875
-0.3	13.875
-0.4	13.878
-0.4	13.875
0	13.881
0	13.872
0	13.878
-0.4	13.875
0	13.876
0	13.872
-0.5	13.879
-0.6	13.876
-0.6	13.875
-0.7	13.876
-0.7	13.873
-0.8	13.875
-0.8	13.873
-0.8	13.876
-0.8	13.873
-0.8	13.876
-0.8	13.873
-0.9	13.873
-0.9	13.873
-0.9	13.873
-1	13.873
-1	13.873
-1	13.873
-1.1	13.869
-1.1	13.87
-1.1	13.873
-1.1	13.873
-1.1	13.872
-1.1	13.873
-1.2	13.873
-1.2	13.87
-1.2	13.873
-1.2	13.869
-1.2	13.873
-1.2	13.873
-1.3	13.87
-1.3	13.87
-1.3	13.871
-1.4	13.87
-1.4	13.873
-1.4	13.87
-1.5	13.871
0	13.87
0	13.87
0	13.873
-1.6	13.873
-1.6	13.873
-1.8	13.873
-1.8	13.871
-1.8	13.87
-1.8	13.873
-1.8	13.87
-1.8	13.87
-1.7	13.871
-1.8	13.869
-1.8	13.869
-1.8	13.869
-1.9	13.87
-1.9	13.869
-1.9	13.869
-2	13.869
-2	13.869
-2	13.869
-2.1	13.866
-2.1	13.869
-2.1	13.87
-2.1	13.869
-2.1	13.872
-2.1	13.869
-2.1	13.868
-2.2	13.869
-2.3	13.864
-2.3	13.869
-2.3	13.866
-2.4	13.862
-2.4	13.867
-2.4	13.865
-2.4	13.865
-2.4	13.869
-2.4	13.869
-2.5	13.869
-2.5	13.866
-2.5	13.865
-2.5	13.865
-2.5	13.869
-2.5	13.866
-2.6	13.865
-2.6	13.865
0	13.866
0	13.865
0	13.866
-2.7	13.865
-2.8	13.866
-2.8	13.866
-2.9	13.866
-2.9	13.866
-2.9	13.863
-3	13.866
-3	13.869
-3	13.869
-3	13.863
-3.1	13.86
-3.1	13.866
-3.1	13.866
-3.1	13.866
-3.1	13.864
-3.1	13.866
-3.1	13.866
-3.1	13.867
-3.2	13.866
-3.3	13.863
-3.3	13.866
-3.3	13.864
-3.3	13.864
-3.3	13.864
-3.3	13.863
-3.4	13.864
-3.4	13.867
-3.4	13.87
-3.5	13.867
-3.5	13.87
-3.5	13.87
-3.6	13.867
-3.6	13.87
-3.7	13.87
-3.7	13.863
0	13.87
0	13.866
0	13.866
-3.8	13.87
-3.8	13.866
-3.8	13.869
-3.9	13.873
-3.9	13.867
-3.9	13.866
-3.9	13.869
-3.9	13.869
-3.9	13.866
-3.9	13.87
-4	13.866
-4	13.87
0	13.869
0	13.866
0	13.869
0	13.868
0	13.872
0	13.872
0	13.869
0	13.869
0	13.866
-4	13.869
0	13.869
0	13.869
-4.2	13.866
-4.2	13.872
-4.2	13.875
-4.3	13.872
-4.4	13.875
-4.4	13.873
-4.4	13.87
-4.4	13.875
-4.4	13.872
-4.4	13.872
-4.4	13.872
-4.4	13.872
-4.5	13.872
-4.5	13.878
-4.5	13.875
-4.6	13.872
-4.6	13.875
-4.6	13.876
-4.7	13.877
-4.7	13.876
-4.7	13.879
-4.7	13.882
-4.8	13.879
-4.8	13.882
-4.9	13.877
-4.9	13.879
-4.9	13.873
-5	13.882
-5	13.881
-5	13.876
-5.1	13.88
-5.1	13.882
0	13.882
0	13.879
0	13.879
-5.2	13.885
-5.2	13.882
-5.2	13.883
-5.2	13.882
-5.2	13.886
-5.2	13.885
-5.2	13.882
-5.4	13.882
-5.4	13.882
-5.4	13.883
-5.4	13.885
-5.4	13.882
-5.4	13.882
-5.5	13.881
-5.5	13.885
-5.5	13.881
-5.6	13.882
-5.6	13.882
-5.6	13.885
-5.6	13.879
-5.6	13.882
-5.6	13.882
-5.6	13.881
-5.6	13.884
-5.6	13.884
-5.7	13.885
-5.7	13.887
-5.7	13.887
-5.8	13.887
-5.8	13.887
-5.8	13.887
-5.9	13.887
-5.9	13.887
-5.9	13.887
-5.9	13.887
-5.9	13.887
-5.9	13.884
-5.9	13.887
-5.9	13.888
-6	13.887
-6	13.887
-6	13.888
-6	13.885
-6	13.888
-6	13.884
-6	13.887
-6.1	13.888
-6.1	13.887
-6.2	13.888
0	13.888
0	13.888
-6.3	13.888
-6.3	13.888
-6.4	13.888
-6.4	13.891
-6.4	13.891
-6.4	13.888
-6.4	13.888
-6.4	13.888
-6.5	13.889
-6.5	13.888
-6.5	13.888
-6.5	13.891
-6.5	13.891
-6.5	13.888
-6.5	13.891
-6.6	13.888
-6.6	13.891
-6.7	13.891
-6.6	13.891
-6.6	13.894
-6.7	13.891
-6.7	13.891
-6.7	13.89
-6.7	13.897
-6.7	13.894
-6.7	13.894
-6.8	13.89
-6.9	13.893
-6.9	13.893
-6.9	13.893
-6.9	13.893
-6.9	13.887
-6.9	13.893
-6.9	13.893
-6.9	13.895
-7	13.893
-7.1	13.893
-7.1	13.893
-7.1	13.896
-7.1	13.896
-7.1	13.894
-7.1	13.9
-7.1	13.894
-7.1	13.897
-7.2	13.897
-7.2	13.897
-7.2	13.897
-7.2	13.898
-7.2	13.896
-7.2	13.9
-7.3	13.897
0	13.897
0	13.898
0	13.897
-6.66	13.898
-7.4	13.9
-7.4	13.897
-7.4	13.897
-7.5	13.9
-7.5	13.895
-7.5	13.894
-7.5	13.897
-7.5	13.897
-7.5	13.897
-7.5	13.897
-7.6	13.903
-7.6	13.9
-7.6	13.902
-7.7	13.9
-7.7	13.897
-7.7	13.899
-7.8	13.899
-7.8	13.905
-7.8	13.905
-7.9	13.9
-7.9	13.899
-7.9	13.899
-8	13.896
-8	13.899
-8	13.902
-8.1	13.899
-8.1	13.903
-8.1	13.905
-8.2	13.902
-8.2	13.902
-8.2	13.903
-8.3	13.906
-8.3	13.906
-8.3	13.903
-8.2	13.903
-8.2	13.903
-8.2	13.904
-8.2	13.903
-8.2	13.904
-8.3	13.906
-8.4	13.906
-8.4	13.907
-8.5	13.903
-8.5	13.903
-8.5	13.909
-8.6	13.907
-8.7	13.906
-8.7	13.906
-8.7	13.903
-8.7	13.906
-8.7	13.903
-8.7	13.903
-8.7	13.9
-8.7	13.905
-8.7	13.905
-8.7	13.905
-8.7	13.908
-8.8	13.908
-8.8	13.905
-8.9	13.905
-8.9	13.918
-8.9	13.911
-9	13.911
-9	13.911
-9	13.912
-9	13.912
-9.1	13.912
-9.1	13.912
-9.1	13.912
-9.1	13.912
-9.1	13.912
-9.1	13.909
-9.1	13.913
-9.1	13.913
-9.2	13.909
-9.2	13.91
-9.2	13.909
-9.2	13.91
-9.3	13.912
-9.3	13.912
-9.4	13.909
-9.4	13.912
-9.4	13.909
-9.4	13.912
-9.4	13.915
-9.4	13.912
-9.5	13.912
-9.5	13.911
-9.5	13.911
-9.5	13.911
-9.5	13.911
-9.5	13.911
-9.5	13.912
-9.5	13.912
-9.5	13.912
-9.7	13.911
-9.7	13.915
-9.7	13.912
-9.7	13.912
-9.8	13.913
-9.8	13.918
-9.8	13.912
-9.8	13.912
-9.8	13.913
-9.8	13.909
-9.8	13.914
-9.8	13.913
-9.8	13.913
-9.8	13.913
-9.8	13.909
-9.9	13.913
-9.9	13.917
-9.9	13.913
-10	13.919
-10	13.914
-10	13.909
-10.1	13.919
-10.1	13.912
-10.2	13.913
-10.2	13.912
-10.2	13.912
-10.2	13.91
-10.2	13.912
-10.2	13.916
-10.2	13.912
-10.2	13.912
-10.2	13.912
-10.2	13.912
-10.2	13.912
-10.2	13.918
-10.2	13.912
-10.3	13.915
-10.3	13.918
-10.4	13.908
-10.4	13.914
-10.4	13.918
-10.4	13.916
-10.4	13.912
-10.4	13.918
-10.4	13.91
-10.4	13.918
-10.4	13.913
-10.5	13.918
-10.5	13.918
-10.5	13.918
-10.6	13.921
-10.7	13.915
-10.7	13.912
-10.7	13.915
-10.8	13.918
-10.8	13.918
-10.8	13.918
-10.8	13.918
-10.8	13.919
-10.9	13.916
-10.9	13.916
-10.9	13.915
-10.9	13.916
-10.9	13.916
-10.9	13.919
-11	13.919
-11	13.918
-11	13.919
-11	13.919
-11	13.916
-11	13.921
-11.1	13.922
-11.1	13.919
-11.1	13.922
-11.2	13.922
-11.3	13.921
-11.3	13.925
-11.4	13.921
-11.4	13.918
-11.4	13.918
-11.4	13.919
-11.4	13.915
-11.4	13.921
-11.5	13.918
-11.5	13.915
-11.5	13.918
-11.5	13.915
-11.5	13.918
-11.4	13.915
-11.4	13.908
-11.4	13.918
-11.5	13.911
-11.5	13.917
-11.5	13.917
-11.6	13.918
-11.6	13.918
-11.6	13.914
-11.6	13.918
-11.6	13.911
-11.6	13.921
-11.6	13.918
-11.6	13.915
-11.6	13.92
-11.7	13.917
-11.8	13.918
-11.8	13.915
-11.8	13.918
-11.8	13.917
-11.8	13.915
-11.8	13.917
-11.8	13.915
-11.8	13.921
-11.8	13.918
-11.9	13.917
-11.9	13.911
-11.9	13.921
-12	13.912
-12	13.911
-12	13.918
-12	13.918
-12	13.921
-12.1	13.914
-12.2	13.918
-12.2	13.918
-12.2	13.917
-12.2	13.918
-12.2	13.914
-12.2	13.917
-12.2	13.918
-12.2	13.915
-12.3	13.911
-12.3	13.918
-12.3	13.915
-12.3	13.921
-12.3	13.912
-12.3	13.911
-12.3	13.92
-12.3	13.916
-12.3	13.914
-12.4	13.91
-12.4	13.917
-12.4	13.912
-12.4	13.91
-12.4	13.911
-12.5	13.915
-12.5	13.911
-12.5	13.913
-12.6	13.917
-12.6	13.912
-12.6	13.914
-12.6	13.918
-12.7	13.908
-12.7	13.908
-12.7	13.908
-12.7	13.911
-12.7	13.911
-12.7	13.912
-12.7	13.911
-12.7	13.913
-12.7	13.908
-12.8	13.908
-12.8	13.906
-12.8	13.909
-12.8	13.908
-12.8	13.906
-12.9	13.909
-12.9	13.905
-12.9	13.903
-13	13.905
-13	13.906
-13	13.908
-13	13.915
-13.1	13.906
-13.1	13.906
-13.1	13.906
-13.1	13.906
-13.1	13.906
-13.1	13.906
-13.1	13.909
-13.1	13.906
-13.1	13.906
-13.1	13.907
-13.1	13.904
-13.2	13.904
-13.2	13.906
-13.2	13.903
-13.2	13.904
-13.2	13.904
-13.2	13.906
-13.2	13.903
-13.3	13.909
-13.3	13.912
-13.3	13.912
-13.3	13.915
-13.3	13.918
-13.4	13.918
-13.4	13.918
-13.4	13.918
-13.5	13.915
-13.5	13.912
-13.5	13.909
-13.5	13.909
-13.5	13.909
-13.6	13.915
-13.6	13.915
-13.6	13.914
-13.7	13.912
-13.7	13.914
-13.7	13.918
-13.7	13.917
-13.8	13.911
-13.8	13.912
-13.8	13.914
-13.9	13.912
-13.9	13.909
-13.9	13.912
-13.9	13.911
-13.9	13.908
-13.9	13.912
-14	13.911
-14	13.918
-14	13.918
-14	13.912
-14	13.918
-14.1	13.918
-14.1	13.921
-14.1	13.919
-14.1	13.915
-14.1	13.913
-14.1	13.915
-14.2	13.919
-14.2	13.919
-14.2	13.919
-14.2	13.912
-14.2	13.918
-14.2	13.913
-14.2	13.919
-14.3	13.919
-14.3	13.918
-14.3	13.912
-14.3	13.913
-14.3	13.928
-14.4	13.925
-14.4	13.921
-14.4	13.925
-14.5	13.921
-14.6	13.922
-14.6	13.912
-14.6	13.92
-14.6	13.914
-14.6	13.918
-14.6	13.921
-14.6	13.918
-14.6	13.916
-14.6	13.921
-14.6	13.918
-14.6	13.911
-14.6	13.918
-14.6	13.911
-14.6	13.921
-14.7	13.913
-14.7	13.924
-14.7	13.918
-14.8	13.916
-14.8	13.917
-14.8	13.918
-14.9	13.918
-14.9	13.921
-14.9	13.918
-14.9	13.921
-14.9	13.921
-14.9	13.921
-14.9	13.918
-14.9	13.918
-14.9	13.921
-14.9	13.919
-14.9	13.925
-15	13.924
-15	13.922
-15	13.922
-15	13.922
-15	13.922
-15	13.919
-15	13.918
-15.1	13.919
-15.1	13.919
-15.1	13.922
-15.2	13.925
-15.2	13.925
-15.2	13.928
-15.3	13.928
-15.3	13.93
-15.4	13.927
-15.4	13.923
-15.4	13.921
-15.4	13.924
-15.4	13.918
-15.4	13.924
-15.4	13.924
-15.4	13.924
-15.4	13.924
-15.4	13.92
-15.4	13.923
-15.4	13.924
-15.4	13.924
-15.5	13.927
-15.5	13.921
-15.6	13.918
-15.6	13.918
-15.6	13.921
-15.6	13.921
-15.6	13.92
-15.7	13.924
-15.7	13.918
-15.7	13.921
-15.7	13.924
-15.8	13.921
-15.8	13.923
-15.8	13.927
-15.8	13.93
-15.8	13.927
-15.8	13.921
-15.8	13.921
-15.8	13.925
-15.9	13.924
-15.9	13.924
-15.9	13.925
-15.9	13.928
-15.9	13.928
-15.9	13.928
-15.9	13.934
-16	13.937
-16	13.934
-16	13.937
-16.1	13.937
-16.1	13.934
-16.1	13.937
-16.1	13.937
-16.1	13.943
-16.2	13.934
-16.2	13.934
-16.2	13.94
-16.2	13.937
-16.3	13.934
-16.3	13.94
-16.3	13.943
-16.3	13.933
-16.3	13.93
-16.4	13.934
-16.4	13.937
-16.4	13.931
-16.5	13.933
-16.5	13.939
-16.5	13.936
-16.5	13.933
-16.5	13.936
-16.5	13.936
-16.5	13.942
-16.5	13.94
-16.5	13.936
-16.5	13.942
-16.6	13.948
-16.6	13.939
-16.6	13.948
-16.6	13.959
-16.7	13.946
-16.7	13.954
-16.7	13.954
-16.8	13.948
-16.8	13.953
-16.8	13.955
-16.8	13.951
-16.8	13.958
-16.8	13.958
-16.8	13.961
-16.8	13.964
-16.8	13.964
-16.9	13.969
-16.9	13.977
-16.9	13.964
-16.9	13.977
-16.9	13.97
-16.9	13.974
-16.9	13.97
-17	13.97
-17	13.97
-17	13.977
-17	13.977
-17	13.97
-17	13.98
-17	13.98
-17	13.986
-17.1	13.986
-17.1	13.989
-17.1	13.992
-17.2	13.997
-17.2	13.998
-17.2	14.004
-17.3	14.001
-17.3	14.004
-17.3	14.001
-17.2	14.007
-17.3	14.008
-17.3	14.019
-17.3	14.022
-17.3	14.021
-17.3	14.022
-17.3	14.031
-17.4	14.028
-17.4	14.025
-17.4	14.028
-17.3	14.028
-17.3	14.043
-17.4	14.037
-17.4	14.04
-17.4	14.043
-17.4	14.043
-17.4	14.058
-17.4	14.058
-17.5	14.059
-17.5	14.068
-17.5	14.068
-17.6	14.077
-17.6	14.092
-17.6	14.098
-17.7	14.095
-17.7	14.104
-17.7	14.107
-17.7	14.108
-17.7	14.11
-17.7	14.12
-17.7	14.126
-17.7	14.132
-17.8	14.136
-17.9	14.135
-17.9	14.142
-17.9	14.141
-17.9	14.141
-17.9	14.148
-17.9	14.154
-17.8	14.163
-17.8	14.166
-17.9	14.169
-17.9	14.182
-17.9	14.188
-18	14.188
-18.1	14.191
-18.1	14.191
-18.1	14.203
-18.1	14.206
-18.1	14.209
-18.1	14.209
-18.1	14.212
-18.1	14.214
-18.2	14.218
-18.2	14.233
-18.2	14.232
-18.2	14.232
-18.2	14.232
-18.2	14.238
-18.3	14.245
-18.3	14.238
-18.3	14.251
-18.3	14.244
-18.3	14.251
-18.3	14.252
-18.3	14.253
-18.4	14.259
-18.4	14.259
-18.4	14.266
-18.4	14.263
-18.4	14.266
-18.4	14.269
-18.4	14.266
-18.4	14.272
-18.5	14.278
-18.5	14.275
-18.5	14.275
-18.6	14.278
-18.6	14.278
-18.6	14.281
-18.7	14.281
-18.7	14.291
-18.7	14.285
-18.8	14.291
-18.8	14.291
-18.8	14.294
-18.8	14.292
-18.8	14.293
-18.7	14.3
-18.7	14.303
-18.7	14.299
-18.7	14.304
-18.8	14.303
-18.8	14.306
-18.8	14.308
-18.9	14.305
-18.9	14.311
-18.9	14.306
-18.9	14.302
-18.9	14.305
-19	14.309
-19	14.302
-19	14.314
-19	14.318
-19	14.324
-19	14.327
-19.1	14.321
-19.1	14.329
-19.1	14.333
-19.2	14.329
-19.2	14.321
-19.2	14.327
-19.2	14.327
-19.2	14.327
-19.2	14.336
-19.2	14.337
-19.3	14.34
-19.3	14.334
-19.3	14.34
-19.4	14.34
-19.4	14.334
-19.4	14.34
-19.4	14.337
-19.4	14.337
-19.4	14.34
-19.5	14.343
-19.5	14.337
-19.5	14.334
-19.5	14.344
-19.5	14.34
-19.5	14.337
-19.6	14.337
-19.6	14.341
-19.5	14.337
-19.5	14.334
-19.5	14.34
-19.5	14.341
-19.5	14.338
-19.6	14.34
-19.6	14.337
-19.6	14.343
-19.6	14.337
-19.6	14.34
-19.6	14.346
-19.6	14.337
-19.7	14.343
-19.7	14.343
-19.7	14.349
-19.8	14.349
-19.8	14.343
-19.8	14.34
-19.8	14.342
-19.8	14.343
-19.8	14.346
-19.8	14.346
-19.8	14.343
-19.8	14.346
-19.8	14.355
-19.8	14.352
-19.8	14.355
-19.8	14.352
-19.8	14.358
-19.8	14.352
-19.9	14.352
-19.9	14.358
-19.9	14.354
-19.9	14.361
-19.9	14.354
-20	14.364
-20.1	14.364
-20.1	14.363
-20.1	14.358
-20.1	14.361
-20.1	14.354
-20.1	14.358
-20.1	14.361
-20.1	14.363
-20.1	14.364
-20.2	14.364
-20.2	14.364
-20.2	14.363
-20.2	14.364
-20.2	14.363
-20.3	14.36
-20.3	14.363
-20.3	14.36
-20.3	14.361
-20.3	14.359
-20.3	14.361
-20.4	14.36
-20.4	14.37
-20.4	14.362
-20.5	14.36
-20.5	14.361
-20.5	14.363
-20.5	14.361
-20.5	14.365
-20.5	14.364
-20.5	14.361
-20.5	14.361
-20.5	14.361
-20.5	14.361
-20.5	14.359
-20.5	14.361
-20.5	14.361
-20.5	14.361
-20.6	14.364
-20.6	14.368
-20.6	14.367
-20.7	14.368
-20.7	14.367
-20.7	14.368
-20.7	14.371
-20.8	14.368
-20.8	14.366
-20.8	14.373
-20.9	14.374
-20.9	14.371
-20.9	14.368
-20.9	14.365
-20.9	14.371
-20.9	14.368
-20.9	14.374
-20.9	14.374
-21	14.37
-21	14.371
-21	14.368
-21	14.371
-21.1	14.371
-21.1	14.37
-21.1	14.365
-21.1	14.371
-21.1	14.372
-21.1	14.373
-21.1	14.374
-21.1	14.374
-21.2	14.374
-21.1	14.37
-21.1	14.371
-21.2	14.373
-21.1	14.373
-21.1	14.37
-21.2	14.37
-21.3	14.372
-21.3	14.376
-21.3	14.373
-21.3	14.37
-21.3	14.373
-21.3	14.37
-21.3	14.373
-21.3	14.373
-21.4	14.376
-21.4	14.379
-21.4	14.376
-21.5	14.373
-21.5	14.376
-21.5	14.369
-21.5	14.37
-21.5	14.369
-21.4	14.37
-21.5	14.373
-21.5	14.376
-21.5	14.382
-21.6	14.373
-21.6	14.373
-21.6	14.379
-21.6	14.379
-21.6	14.379
-21.7	14.373
-21.7	14.373
-21.7	14.376
-21.6	14.38
-21.7	14.382
-21.7	14.383
-21.7	14.379
-21.8	14.376
-21.8	14.38
-21.8	14.383
-21.8	14.38
-21.8	14.383
-21.8	14.379
-21.9	14.38
-21.9	14.382
-21.9	14.397
-21.9	14.395
-21.9	14.397
-22	14.398
-22	14.397
-22	14.397
-22	14.394
-22	14.397
-22	14.395
-22	14.397
-22	14.398
-22	14.394
-22.1	14.4
-22.1	14.397
-22.1	14.394
-22.1	14.397
-22.1	14.391
-22.1	14.403
-22.2	14.397
-22.2	14.397
-22.2	14.4
-22.2	14.397
-22.3	14.397
-22.3	14.403
-22.3	14.397
-22.3	14.4
-22.3	14.403
-22.3	14.395
-22.3	14.398
-22.4	14.403
-22.4	14.399
-22.4	14.404
-22.4	14.404
-22.4	14.401
-22.4	14.404
-22.4	14.401
-22.4	14.401
-22.4	14.401
-22.4	14.405
-22.4	14.404
-22.4	14.402
-22.5	14.407
-22.5	14.401
-22.5	14.406
-22.5	14.407
-22.6	14.405
-22.6	14.407
-22.6	14.401
-22.6	14.41
-22.6	14.411
-22.6	14.411
-22.7	14.414
-22.7	14.408
-22.7	14.404
-22.7	14.401
-22.7	14.404
-22.7	14.413
-22.7	14.404
-22.7	14.404
-22.7	14.41
-22.7	14.41
-22.7	14.409
-22.8	14.409
-22.8	14.41
-22.8	14.41
-22.9	14.407
-22.8	14.406
-22.8	14.413
-22.8	14.403
-22.9	14.406
-22.9	14.403
-22.9	14.406
-23	14.409
-23	14.403
-22.9	14.403
-23	14.407
-23	14.407
-23	14.407
-23.1	14.403
-23.1	14.404
-23.1	14.406
-23.1	14.409
-23.2	14.404
-23.2	14.41
-23.2	14.403
-23.2	14.407
-23.3	14.41
-23.3	14.407
-23.3	14.407
-23.3	14.41
-23.3	14.407
-23.4	14.401
-23.4	14.407
-23.4	14.407
-23.4	14.398
-23.4	14.407
-23.4	14.41
-23.4	14.404
-23.4	14.407
-23.4	14.405
-23.4	14.408
-23.4	14.404
-23.4	14.407
-23.4	14.41
-23.4	14.401
-23.4	14.404
-23.5	14.41
-23.5	14.41
-23.5	14.407
-23.6	14.409
-23.6	14.416
-23.6	14.41
-23.6	14.412
-23.6	14.416
-23.6	14.412
-23.7	14.406
-23.7	14.415
-23.7	14.412
-23.7	14.412
-23.7	14.412
-23.7	14.415
-23.7	14.409
-23.8	14.412
-23.8	14.415
-23.8	14.412
-23.8	14.413
-23.8	14.413
-23.8	14.41
-23.8	14.416
-23.8	14.41
-23.9	14.416
-23.9	14.417
-23.9	14.41
-23.9	14.416
-24	14.417
-24	14.417
-24	14.417
-24.1	14.419
-24.1	14.416
-24.1	14.417
-24.1	14.417
-24.1	14.417
-24.2	14.417
-24.2	14.419
-24.2	14.414
-24.2	14.416
-24.2	14.41
-24.2	14.416
-24.2	14.413
-24.2	14.416
-24.2	14.422
-24.2	14.419
-24.2	14.419
-24.3	14.413
-24.3	14.419
-24.3	14.417
-24.3	14.419
-24.3	14.416
-24.3	14.416
-24.3	14.418
-24.3	14.416
-24.3	14.42
-24.3	14.415
-24.4	14.416
-24.4	14.411
-24.4	14.415
-24.4	14.417
-24.4	14.415
-24.4	14.414
-24.4	14.416
-24.4	14.418
-24.5	14.409
-24.5	14.415
-24.5	14.413
-24.5	14.408
-24.5	14.41
-24.5	14.416
-24.5	14.416
-24.5	14.419
-24.5	14.416
-24.6	14.423
-24.6	14.416
-24.6	14.414
-24.6	14.419
-24.6	14.419
-24.6	14.42
-24.6	14.423
-24.7	14.423
-24.7	14.426
-24.7	14.421
-24.7	14.426
-24.7	14.421
-24.7	14.42
-24.7	14.42
-24.7	14.42
-24.7	14.422
-24.7	14.423
-24.8	14.419
-24.9	14.423
-24.9	14.426
-24.9	14.42
-24.9	14.422
-24.9	14.422
-24.9	14.419
-24.9	14.422
