Temperature	Strain
-36.7	20.706
-36.7	20.7
-36.7	20.682
-36.7	20.688
-36.7	20.694
-36.7	20.685
-36.7	20.688
-36.7	20.685
-36.7	20.682
-36.7	20.688
-36.7	20.682
-36.8	20.688
-36.8	20.692
-36.8	20.698
-36.9	20.689
-37	20.695
-37	20.689
-37	20.689
-37.1	20.689
-37.1	20.689
-37.1	20.691
-37.1	20.689
-37.1	20.688
-37.1	20.692
-37.1	20.695
-37.1	20.704
-37.1	20.701
-37.2	20.701
-37.2	20.701
-37.2	20.701
-37.2	20.704
-37.2	20.707
-37.2	20.707
-37.3	20.71
-37.3	20.71
-37.3	20.72
-37.4	20.723
-37.5	20.716
-37.5	20.713
-37.5	20.712
-37.5	20.709
-37.5	20.713
-37.5	20.721
-37.5	20.716
-37.5	20.717
-37.5	20.716
-37.6	20.716
-37.6	20.715
-37.6	20.712
-37.6	20.709
-37.6	20.712
-37.7	20.715
-37.7	20.721
-37.7	20.721
-37.8	20.721
-37.8	20.718
-37.8	20.716
-37.8	20.709
-37.8	20.718
-37.8	20.712
-37.9	20.709
-37.9	20.713
-37.9	20.712
-37.9	20.712
-37.9	20.716
-38	20.71
-38	20.716
-38	20.715
-38	20.718
-38.1	20.719
-38.1	20.719
-38.1	20.726
-38.1	20.725
-38.2	20.734
-38.2	20.737
-38.2	20.738
-38.2	20.734
-38.3	20.738
-38.3	20.738
-38.3	20.738
-38.3	20.737
-38.3	20.738
-38.3	20.732
-38.4	20.734
-38.4	20.738
-38.4	20.738
-38.4	20.738
-38.4	20.731
-38.5	20.735
-38.5	20.738
-38.5	20.735
-38.5	20.735
-38.5	20.732
-38.5	20.732
-38.5	20.735
-38.5	20.732
-38.5	20.732
-38.5	20.729
-38.6	20.732
-38.6	20.735
-38.6	20.735
-38.6	20.731
-38.6	20.735
-38.7	20.734
-38.7	20.732
-38.7	20.738
-38.8	20.735
-38.8	20.734
-38.8	20.74
-38.9	20.738
-38.9	20.741
-38.9	20.741
-38.9	20.738
-38.9	20.74
-38.9	20.738
-38.9	20.737
-38.9	20.734
-39	20.731
-39	20.734
-39	20.734
-39	20.734
-39	20.731
-39	20.738
-39	20.731
-39.1	20.732
-39.1	20.731
-39.1	20.728
-39.1	20.731
-39.1	20.734
-39.1	20.731
-39.2	20.728
-39.2	20.731
-39.2	20.728
-39.3	20.731
-39.3	20.728
-39.3	20.731
-39.3	20.734
-39.3	20.729
-39.4	20.728
-39.4	20.731
-39.4	20.727
-39.4	20.731
-39.5	20.732
-39.5	20.73
-39.5	20.73
-39.5	20.728
-39.5	20.731
-39.5	20.73
-39.6	20.731
-39.6	20.734
-39.6	20.734
-39.6	20.734
-39.6	20.732
-39.7	20.733
-39.7	20.734
-39.7	20.733
-39.7	20.73
-39.7	20.732
-39.7	20.731
-39.8	20.737
-39.8	20.731
-39.8	20.731
-39.9	20.731
-39.9	20.734
-39.9	20.728
-39.9	20.73
-39.9	20.731
-39.9	20.728
-39.9	20.727
-40	20.732
-40	20.733
-40	20.731
-40	20.734
-40.1	20.735
-40.1	20.735
-40.1	20.738
-40.1	20.741
-40.1	20.744
-40.1	20.744
-40.1	20.74
-40.1	20.743
-40.1	20.738
-40.2	20.734
-40.2	20.741
-40.2	20.741
-40.2	20.741
-40.2	20.746
-40.2	20.744
-40.3	20.738
-40.2	20.747
-40.2	20.744
-40.3	20.744
-40.3	20.741
-40.3	20.744
-40.4	20.738
-40.4	20.741
-40.4	20.741
-40.4	20.741
-40.4	20.744
-40.4	20.741
-40.4	20.738
-40.5	20.744
-40.5	20.738
-40.5	20.744
-40.6	20.738
-40.6	20.738
-40.6	20.735
-40.6	20.732
-40.6	20.732
-40.7	20.735
-40.7	20.726
-40.7	20.722
-40.7	20.729
-40.7	20.729
-40.7	20.722
-40.7	20.726
-40.8	20.723
-40.8	20.719
-40.8	20.719
-40.9	20.716
-40.9	20.716
-40.9	20.716
-40.9	20.716
-40.9	20.716
-40.9	20.716
-41	20.71
-41	20.719
-41	20.712
-41	20.716
-41	20.712
-41.1	20.706
-41.1	20.713
-41.1	20.703
-41.1	20.703
-41.1	20.706
-41.1	20.706
-41.2	20.709
-41.2	20.709
-41.2	20.709
-41.2	20.709
-41.2	20.709
-41.2	20.705
-41.3	20.706
-41.3	20.706
-41.3	20.703
-41.2	20.706
-41.2	20.706
-41.2	20.715
-41.3	20.709
-41.3	20.709
-41.3	20.712
-41.4	20.707
-41.4	20.712
-41.4	20.709
-41.5	20.709
-41.5	20.716
-41.5	20.716
-41.5	20.713
-41.5	20.712
-41.6	20.711
-41.6	20.716
-41.6	20.709
-41.7	20.71
-41.7	20.71
-41.7	20.71
-41.7	20.713
-41.8	20.71
-41.8	20.714
-41.8	20.714
-41.8	20.717
-41.8	20.72
-41.8	20.716
-41.8	20.717
-41.8	20.713
-41.9	20.71
-41.9	20.716
-41.9	20.717
-41.9	20.715
-41.9	20.712
-41.9	20.72
-42	20.719
-42	20.719
-42	20.717
-42.1	20.719
-42.1	20.719
-42.1	20.723
-42.1	20.722
-42.1	20.717
-42.1	20.721
-42.1	20.716
-42.1	20.71
-42.2	20.717
-42.2	20.719
-42.2	20.716
-42.2	20.713
-42.2	20.716
-42.2	20.713
-42.2	20.71
-42.2	20.719
-42.2	20.719
-42.3	20.724
-42.3	20.722
-42.3	20.716
-42.3	20.719
-42.4	20.722
-42.4	20.725
-42.4	20.719
-42.5	20.719
-42.5	20.716
-42.5	20.713
-42.5	20.723
-42.5	20.719
-42.5	20.72
-42.5	20.716
-42.5	20.713
-42.6	20.716
-42.6	20.716
-42.6	20.719
-42.6	20.719
-42.7	20.714
-42.7	20.707
-42.7	20.707
-42.7	20.71
-42.7	20.709
-42.8	20.713
-42.8	20.71
-42.8	20.71
-42.8	20.707
-42.8	20.71
-42.8	20.707
-42.9	20.71
-42.9	20.71
-42.9	20.71
-42.9	20.71
-43	20.713
-43	20.716
-43	20.713
-43.1	20.713
-43.1	20.71
-43.1	20.71
-43.1	20.713
-43.1	20.707
-43.1	20.713
-43.1	20.713
-43.1	20.715
-43.1	20.712
-43.1	20.712
-43.2	20.715
-43.2	20.712
-43.2	20.712
-43.2	20.715
-43.3	20.718
-43.3	20.712
-43.4	20.715
-43.4	20.718
-43.4	20.712
-43.5	20.712
-43.5	20.712
-43.5	20.715
-43.5	20.712
-43.5	20.715
-43.5	20.716
-43.5	20.715
-43.6	20.715
-43.6	20.712
-43.6	20.716
-43.6	20.712
-43.6	20.716
-43.6	20.716
-43.6	20.712
-43.6	20.713
-43.6	20.716
-43.7	20.716
-43.7	20.719
-43.7	20.716
-43.7	20.719
-43.7	20.716
-43.7	20.719
-43.7	20.722
-43.7	20.716
-43.8	20.713
-43.8	20.716
-43.8	20.719
-43.8	20.722
-43.8	20.719
-43.8	20.719
-43.9	20.72
-43.9	20.72
-43.9	20.72
-43.9	20.718
-43.9	20.719
-43.9	20.716
-44	20.72
-44	20.716
-44	20.72
-44.1	20.722
-44.1	20.72
-44.1	20.72
-44.1	20.723
-44.1	20.719
-44.1	20.723
-44.1	20.72
-44.1	20.719
-44.2	20.72
-44.2	20.722
-44.2	20.72
-44.3	20.721
-44.3	20.72
-44.3	20.719
-44.3	20.72
-44.4	20.722
-44.4	20.723
-44.4	20.722
-44.4	20.72
-44.4	20.723
-44.5	20.722
-44.5	20.726
-44.5	20.726
-44.5	20.725
-44.5	20.729
-44.5	20.729
-44.5	20.723
-44.5	20.732
-44.5	20.726
-44.5	20.729
-44.6	20.729
-44.6	20.726
-44.6	20.729
-44.7	20.726
-44.7	20.722
-44.8	20.722
-44.7	20.723
-44.7	20.729
-44.8	20.725
-44.8	20.729
-44.8	20.735
-44.8	20.729
-44.8	20.732
-44.8	20.735
-44.9	20.734
-44.9	20.731
-44.9	20.734
-44.9	20.731
-45	20.731
-45	20.731
-45	20.731
-45	20.732
-45	20.734
-45	20.731
-45.1	20.737
-45.1	20.728
-45.1	20.734
-45	20.734
-45	20.733
-45	20.736
-45.1	20.734
-45.1	20.731
-45.1	20.731
-45.1	20.737
-45.1	20.734
-45.2	20.737
-45.2	20.731
-45.2	20.73
-45.2	20.733
-45.2	20.733
-45.2	20.734
-45.3	20.734
-45.3	20.736
-45.3	20.734
-45.3	20.737
-45.3	20.732
-45.4	20.734
-45.4	20.734
-45.4	20.737
-45.4	20.734
-45.4	20.737
-45.4	20.737
-45.4	20.738
-45.5	20.734
-45.5	20.738
-45.5	20.735
-45.6	20.738
-45.6	20.737
-45.6	20.738
-45.6	20.735
-45.6	20.731
-45.6	20.738
-45.6	20.735
-45.6	20.735
-45.7	20.738
-45.7	20.739
-45.7	20.738
-45.7	20.738
-45.7	20.741
-45.7	20.738
-45.7	20.738
-45.8	20.738
-45.8	20.738
-45.9	20.741
-45.9	20.735
-45.9	20.734
-45.9	20.738
-46	20.735
-46	20.734
-46	20.735
-46	20.735
-46	20.735
-46.1	20.737
-46.1	20.734
-46.1	20.737
-46.1	20.737
-46.1	20.734
-46.1	20.74
-46.1	20.737
-46.1	20.74
-46.1	20.736
-46.1	20.737
-46.1	20.734
-46.2	20.736
-46.2	20.74
-46.2	20.74
-46.3	20.734
-46.3	20.737
-46.3	20.737
-46.3	20.737
-46.4	20.736
-46.4	20.735
-46.4	20.736
-46.4	20.74
-46.4	20.737
-46.5	20.743
-46.5	20.734
-46.5	20.737
-46.5	20.74
-46.5	20.737
-46.5	20.737
-46.6	20.737
-46.6	20.737
-46.6	20.737
-46.7	20.737
-46.7	20.737
-46.7	20.74
-46.7	20.737
-46.7	20.734
-46.7	20.737
-46.7	20.735
-46.7	20.737
-46.7	20.74
-46.8	20.738
-46.8	20.738
-46.8	20.738
-46.8	20.738
-46.9	20.741
-46.9	20.741
-46.9	20.741
-47	20.741
-47	20.738
-47	20.743
-47.1	20.741
-47.1	20.74
-47.1	20.738
-47.1	20.741
-47.1	20.738
-47.1	20.744
-47.2	20.741
-47.2	20.744
-47.2	20.741
-47.2	20.741
-47.2	20.741
-47.2	20.747
-47.2	20.744
-47.2	20.741
-47.3	20.741
-47.3	20.74
-47.3	20.744
-47.3	20.74
-47.3	20.744
-47.3	20.743
-47.3	20.74
-47.3	20.74
-47.3	20.743
-47.4	20.74
-47.4	20.743
-47.4	20.743
-47.4	20.743
-47.4	20.737
-47.4	20.74
-47.5	20.743
-47.5	20.743
-47.5	20.743
-47.6	20.743
-47.6	20.74
-47.6	20.746
-47.6	20.74
-47.6	20.743
-47.6	20.743
-47.6	20.743
-47.6	20.74
-47.6	20.743
-47.7	20.745
-47.7	20.743
-47.7	20.746
-47.7	20.746
-47.7	20.746
-47.8	20.743
-47.7	20.746
-47.7	20.746
-47.8	20.743
-47.7	20.743
-47.7	20.745
-47.8	20.743
-47.8	20.741
-47.8	20.74
-47.9	20.749
-47.9	20.743
-47.9	20.743
-47.9	20.746
-48	20.743
-48	20.749
-48	20.744
-48.1	20.744
-48.1	20.746
-48.1	20.749
-48.2	20.745
-48.2	20.746
-48.1	20.747
-48.1	20.746
-48.1	20.746
-48.1	20.746
-48.1	20.746
-48.2	20.743
-48.2	20.75
-48.2	20.747
-48.2	20.75
-48.3	20.746
-48.3	20.747
-48.3	20.747
-48.3	20.751
-48.3	20.75
-48.3	20.753
-48.3	20.747
-48.3	20.75
-48.3	20.747
-48.4	20.75
-48.4	20.744
-48.4	20.751
-48.5	20.75
-48.5	20.744
-48.5	20.75
-48.6	20.747
-48.6	20.748
-48.6	20.753
-48.6	20.75
-48.6	20.75
-48.7	20.743
-48.7	20.75
-48.7	20.75
-48.7	20.744
-48.8	20.747
-48.8	20.749
-48.8	20.749
-48.8	20.747
-48.8	20.753
-48.8	20.747
-48.9	20.75
-48.9	20.753
-48.9	20.75
-49	20.747
-49	20.747
-49.1	20.75
-49.1	20.753
-49.1	20.75
-49.1	20.749
-49.1	20.753
-49.1	20.749
-49.1	20.753
-49.1	20.746
-49.1	20.753
-49.2	20.75
-49.2	20.753
-49.2	20.749
-49.2	20.749
-49.2	20.752
-49.2	20.752
-49.3	20.753
-49.3	20.752
-49.3	20.752
-49.3	20.75
-49.3	20.753
-49.4	20.749
-49.4	20.752
-49.4	20.75
-49.4	20.756
-49.4	20.756
-49.4	20.758
-49.4	20.762
-49.4	20.756
-49.4	20.759
-49.5	20.756
-49.5	20.756
-49.5	20.753
-49.5	20.756
-49.5	20.759
-49.5	20.763
-49.6	20.759
-49.6	20.759
-49.6	20.756
-49.6	20.762
-49.7	20.756
-49.7	20.756
-49.7	20.756
-49.7	20.756
-49.7	20.756
-49.7	20.759
-49.8	20.759
-49.8	20.756
-49.8	20.761
-49.8	20.755
-49.8	20.759
-49.8	20.758
-49.9	20.755
-49.9	20.759
-49.9	20.755
-50	20.758
-50	20.755
-50	20.755
-50.1	20.755
-50.1	20.758
-50.1	20.761
-50.1	20.761
-50.1	20.758
-50.1	20.761
-50.1	20.758
-50.1	20.758
-50.2	20.758
-50.2	20.758
-50.2	20.757
-50.3	20.758
-50.3	20.752
-50.3	20.756
-50.3	20.758
-50.4	20.758
-50.4	20.755
-50.4	20.759
-50.4	20.755
-50.4	20.755
-50.4	20.758
-50.4	20.755
-50.4	20.758
-50.4	20.758
-50.4	20.756
-50.4	20.761
-50.5	20.756
-50.5	20.761
-50.5	20.752
-50.5	20.755
-50.5	20.755
-50.6	20.752
-50.7	20.746
-50.7	20.744
-50.8	20.74
-51	20.738
-51	20.736
-51.1	20.737
-51.3	20.739
-51.3	20.738
-51.4	20.738
-51.5	20.735
-51.5	20.735
-51.7	20.738
-51.8	20.735
-51.8	20.735
-52	20.738
-52.1	20.738
-52.1	20.735
-52.3	20.735
-52.4	20.738
-52.4	20.741
-52.5	20.738
-52.6	20.741
-52.6	20.744
-52.7	20.738
-52.8	20.741
-52.8	20.741
-52.9	20.741
-53	20.738
-53	20.741
-53.1	20.738
-53.1	20.741
-53.1	20.738
-53.3	20.74
-53.4	20.741
-53.4	20.741
-53.6	20.738
-53.7	20.74
-53.7	20.734
-53.7	20.741
-53.8	20.738
-53.8	20.735
-53.9	20.738
-53.9	20.737
-53.9	20.738
-54	20.734
-54	20.74
-54.1	20.738
-54.2	20.738
-54.2	20.737
-54.3	20.738
-54.4	20.735
-54.4	20.741
-54.6	20.738
-54.7	20.732
-54.7	20.737
-54.7	20.738
-54.8	20.735
-54.8	20.735
-54.9	20.738
-54.9	20.735
-54.9	20.735
-55	20.732
-55.1	20.735
-55.1	20.735
-55.1	20.735
-55.2	20.737
-55.2	20.738
-55.3	20.738
-55.4	20.732
-55.4	20.735
-55.5	20.734
-55.5	20.735
-55.5	20.734
-55.6	20.738
-55.6	20.734
-55.6	20.731
-55.7	20.737
-55.8	20.732
-55.8	20.734
-55.8	20.734
-55.9	20.728
-55.9	20.735
-55.9	20.734
-56	20.731
-56	20.734
-56.1	20.738
-56.1	20.734
-56.1	20.737
-56.3	20.737
-56.3	20.737
-56.3	20.737
-56.4	20.734
-56.4	20.734
-56.4	20.731
-56.4	20.736
-56.5	20.731
-56.5	20.74
-56.5	20.731
-56.6	20.743
-56.6	20.74
-56.7	20.734
-56.7	20.74
-56.8	20.736
-56.8	20.737
-56.8	20.74
-56.9	20.737
-56.9	20.739
-56.9	20.735
-56.9	20.74
-57	20.74
-57	20.734
-57	20.737
-57	20.741
-57	20.737
-57.1	20.744
-57.2	20.744
-57.2	20.741
-57.3	20.744
-57.3	20.744
-57.3	20.741
-57.5	20.744
-57.5	20.741
-57.5	20.744
-57.6	20.741
-57.7	20.744
-57.7	20.744
-57.7	20.741
-57.8	20.742
-57.8	20.744
-57.8	20.744
-57.9	20.747
-57.9	20.742
-57.9	20.747
-58	20.741
-58	20.741
-58.1	20.744
-58.2	20.746
-58.2	20.744
-58.2	20.746
-58.2	20.746
-58.2	20.743
-58.3	20.743
-58.3	20.743
-58.3	20.741
-58.4	20.747
-58.5	20.75
-58.5	20.746
-58.5	20.743
-58.6	20.743
-58.6	20.746
-58.7	20.746
-58.8	20.749
-58.8	20.749
-58.9	20.746
-58.9	20.743
-58.9	20.746
-59	20.749
-59	20.75
-59	20.747
-59.1	20.746
-59.1	20.744
-59.1	20.75
-59.1	20.75
-59.1	20.75
-59.1	20.747
-59.1	20.75
-59.1	20.741
-59.1	20.747
-59.2	20.747
-59.2	20.75
-59.3	20.747
-59.3	20.747
-59.3	20.743
-59.4	20.747
-59.5	20.744
-59.5	20.747
-59.6	20.747
-59.6	20.747
-59.6	20.744
-59.6	20.747
-59.6	20.747
-59.6	20.747
-59.6	20.747
-59.7	20.744
-59.7	20.747
-59.8	20.744
-59.9	20.747
-59.9	20.747
-59.9	20.75
-60	20.747
-60	20.747
-60	20.75
-59.9	20.752
-59.9	20.747
-59.8	20.75
-59.9	20.75
-59.9	20.75
-59.9	20.749
-60	20.746
-60	20.746
-60	20.743
-60.1	20.749
-60.1	20.749
-60	20.749
-59.8	20.749
-59.8	20.746
-59.7	20.752
-59.7	20.743
-59.7	20.733
-59.7	20.721
-59.7	20.724
-59.7	20.718
-59.7	20.741
-59.7	20.764
-59.7	20.752
-59.7	20.743
-59.7	20.736
-59.7	20.721
-59.7	20.737
-59.7	20.744
-59.7	20.752
-59.7	20.737
-59.7	20.755
-59.8	20.763
-59.8	20.752
-59.8	20.729
-59.9	20.725
-59.9	20.771
-59.9	20.754
-60	20.719
-60	20.746
-60	20.774
-60	20.731
-60	20.728
-60	20.753
-59.9	20.759
-59.9	20.733
-59.9	20.738
-60	20.752
-60	20.744
-60	20.732
-60.1	20.744
-60	20.762
-60	20.738
-59.9	20.733
-59.8	20.738
-59.8	20.771
-59.8	20.756
-59.8	20.756
-59.8	20.749
-59.8	20.735
-59.9	20.735
-59.9	20.72
-59.8	20.715
-59.8	20.737
-59.8	20.75
-59.8	20.756
-59.7	20.756
-59.7	20.729
-59.8	20.734
-59.9	20.735
-59.9	20.733
-60	20.721
-60	20.728
-60	20.731
-59.9	20.744
-59.9	20.744
-59.9	20.762
-59.9	20.749
-59.9	20.74
-59.9	20.721
-60	20.718
-60	20.728
-60	20.749
-60	20.743
-60	20.753
-60	20.752
-60	20.747
-60	20.755
-60	20.755
-60	20.737
-60	20.764
-59.9	20.755
-59.9	20.752
-59.9	20.74
-60	20.746
-60	20.761
-60	20.777
-60	20.782
-59.9	20.786
-59.9	20.795
-59.8	20.791
-59.9	20.777
-59.9	20.783
-59.9	20.782
-59.9	20.773
-59.9	20.755
-60	20.78
-59.9	20.774
-59.9	20.761
-59.9	20.765
-59.9	20.755
-59.9	20.749
-60	20.755
-60	20.752
-60	20.761
-60.1	20.762
-60	20.743
-60	20.759
-59.8	20.761
-59.8	20.759
-59.8	20.768
-59.9	20.755
-59.9	20.743
-59.9	20.747
-60	20.756
-60	20.74
-60	20.722
-60	20.733
-60	20.737
-60	20.752
-59.8	20.75
-59.8	20.734
-59.8	20.75
-59.8	20.741
-59.8	20.734
-59.8	20.737
-59.8	20.743
-59.8	20.734
-59.7	20.735
-59.7	20.72
-59.7	20.748
-59.7	20.72
-59.7	20.741
-59.7	20.744
-59.9	20.742
-60	20.732
-60	20.757
-60.1	20.744
-60	20.758
-60	20.755
-59.9	20.762
-59.8	20.763
-59.8	20.795
-59.8	20.787
-59.9	20.78
-59.9	20.758
-60	20.753
-60.1	20.762
-60.1	20.772
-60	20.787
-59.9	20.79
-59.9	20.798
-59.8	20.803
-59.8	20.799
-59.8	20.783
-59.9	20.785
-59.9	20.79
-59.9	20.793
-59.8	20.784
-59.8	20.768
-59.8	20.748
-59.8	20.743
-59.8	20.755
-59.8	20.752
-59.9	20.756
-60	20.736
-60	20.744
-60.1	20.753
-60.1	20.735
-60.1	20.747
-60	20.753
-59.9	20.756
-59.9	20.753
-59.9	20.747
-59.9	20.744
-59.9	20.756
-59.9	20.75
-60	20.75
-60	20.765
-60.1	20.756
-60	20.769
-60	20.774
-59.9	20.769
-59.8	20.75
-59.8	20.762
-59.9	20.756
-59.89	20.769
-59.8	20.769
-59.7	20.778
-59.7	20.78
-59.5	20.778
-59.4	20.772
-59.4	20.784
-59.3	20.784
-59.1	20.796
-59.1	20.799
-59	20.784
-58.8	20.787
-58.8	20.79
-58.7	20.78
-58.5	20.796
-58.5	20.784
-58.4	20.793
-58.3	20.799
-58.3	20.775
-58.1	20.768
-58	20.777
-58	20.759
-57.9	20.756
-57.8	20.759
-57.8	20.771
-57.6	20.75
-57.5	20.744
-57.5	20.74
-57.4	20.713
-57.3	20.713
-57.3	20.722
-57.1	20.716
-57	20.716
-57	20.734
-56.9	20.716
-56.8	20.731
-56.8	20.734
-56.7	20.724
-56.6	20.734
-56.6	20.728
-56.5	20.749
-56.4	20.722
-56.4	20.737
-56.3	20.744
-56.2	20.747
-56.2	20.746
-56.1	20.74
-56	20.752
-56	20.752
-55.9	20.749
-55.8	20.74
-55.8	20.746
-55.7	20.74
-55.6	20.727
-55.6	20.737
-55.5	20.733
-55.4	20.739
-55.4	20.747
-55.3	20.739
-55.3	20.746
-55.2	20.743
-55.1	20.74
-55.1	20.745
-55	20.75
-54.8	20.755
-54.8	20.739
-54.7	20.75
-54.6	20.743
-54.6	20.745
-54.4	20.743
-54.3	20.75
-54.3	20.744
-54.2	20.754
-54.1	20.748
-54.1	20.739
-53.9	20.754
-53.7	20.752
-53.7	20.756
-53.6	20.749
-53.4	20.754
-53.4	20.759
-53.3	20.743
-53.1	20.759
-53.1	20.747
-52.9	20.757
-52.8	20.749
-52.8	20.751
-52.6	20.757
-52.5	20.747
-52.5	20.759
-52.3	20.756
-52.1	20.759
-52.1	20.759
-52	20.746
-51.8	20.757
-51.8	20.762
-51.6	20.768
-51.5	20.763
-51.5	20.768
-51.3	20.761
-51.1	20.749
-51.1	20.753
-51	20.773
-50.8	20.761
-50.8	20.762
-50.6	20.77
-50.5	20.774
-50.5	20.756
-50.3	20.761
-50.1	20.764
-50.1	20.765
-50	20.765
-49.8	20.771
-49.8	20.774
-49.7	20.774
-49.7	20.774
-49.5	20.762
-49.3	20.751
-49.3	20.78
-49.2	20.759
-49	20.753
-49	20.756
-48.9	20.759
-48.7	20.762
-48.7	20.756
-48.5	20.771
-48.4	20.784
-48.4	20.787
-48.2	20.789
-48	20.771
-48	20.769
-47.9	20.79
-47.7	20.784
-47.7	20.787
-47.6	20.768
-47.5	20.759
-47.5	20.781
-47.3	20.787
-47.1	20.787
-47.1	20.78
-46.9	20.778
-46.8	20.777
-46.8	20.759
-46.6	20.762
-46.5	20.761
-46.5	20.768
-46.3	20.768
-46.2	20.743
-46.2	20.75
-46	20.74
-45.8	20.743
-45.8	20.731
-45.7	20.746
-45.5	20.752
-45.5	20.749
-45.3	20.733
-45.2	20.749
-45.2	20.755
-45	20.739
-44.8	20.74
-44.8	20.746
-44.6	20.739
-44.5	20.743
-44.5	20.736
-44.3	20.74
-44.1	20.737
-44.1	20.749
-44	20.737
-43.8	20.721
-43.8	20.722
-43.6	20.712
-43.4	20.722
-43.4	20.718
-43.3	20.752
-43.3	20.752
-43.1	20.752
-43	20.768
-43	20.783
-42.8	20.774
-42.6	20.784
-42.6	20.773
-42.4	20.774
-42.2	20.777
-42.2	20.758
-42.1	20.737
-42	20.734
-42	20.748
-41.8	20.713
-41.6	20.737
-41.6	20.747
-41.4	20.754
-41.3	20.75
-41.3	20.76
-41.1	20.771
-40.9	20.786
-40.9	20.768
-40.8	20.776
-40.6	20.789
-40.6	20.777
-40.5	20.758
-40.3	20.758
-40.3	20.756
-40.1	20.743
-39.9	20.733
-39.9	20.745
-39.7	20.736
-39.6	20.752
-39.6	20.746
-39.4	20.733
-39.2	20.733
-39.2	20.752
-39.1	20.753
-38.9	20.749
-38.9	20.76
-38.7	20.752
-38.5	20.744
-38.5	20.75
-38.3	20.746
-38.1	20.74
-38.1	20.759
-38	20.738
-37.8	20.741
-37.8	20.729
-37.6	20.73
-37.5	20.748
-37.5	20.734
-37.3	20.734
-37.2	20.74
-37.2	20.732
-37	20.732
-37	20.731
-36.8	20.738
-36.6	20.728
-36.6	20.747
-36.5	20.74
-36.3	20.758
-36.3	20.737
-36.1	20.732
-35.9	20.747
-35.9	20.744
-35.7	20.745
-35.6	20.753
-35.6	20.763
-35.4	20.759
-35.2	20.747
-35.2	20.756
-35	20.744
-34.9	20.768
-34.9	20.743
-34.7	20.738
-34.5	20.753
-34.5	20.752
-34.4	20.75
-34.2	20.759
-34.2	20.747
-34	20.759
-33.8	20.747
-33.8	20.75
-33.6	20.75
-33.5	20.768
-33.5	20.755
-33.3	20.758
-33.1	20.737
-33.1	20.746
-33	20.734
-32.7	20.737
-32.7	20.724
-32.6	20.715
-32.4	20.703
-32.4	20.696
-32.2	20.705
-32	20.69
-32	20.687
-31.8	20.699
-31.7	20.708
-31.7	20.706
-31.5	20.706
-31.3	20.705
-31.3	20.712
-31.1	20.712
-30.9	20.715
-30.9	20.73
-30.8	20.721
-30.6	20.709
-30.6	20.691
-30.4	20.687
-30.4	20.703
-30.2	20.697
-30	20.694
-30	20.697
-29.9	20.703
-29.7	20.689
-29.7	20.69
-29.5	20.7
-29.3	20.703
-29.3	20.698
-29.1	20.7
-28.9	20.696
-28.9	20.692
-28.7	20.689
-28.6	20.694
-28.6	20.685
-28.4	20.689
-28.3	20.669
-28.3	20.67
-28.1	20.669
-27.9	20.667
-27.9	20.661
-27.7	20.66
-27.5	20.662
-27.5	20.667
-27.3	20.656
-27.1	20.642
-27.1	20.658
-27	20.656
-26.8	20.666
-26.8	20.652
-26.6	20.672
-26.4	20.658
-26.4	20.652
-26.2	20.649
-26	20.645
-26	20.636
-25.9	20.64
-25.7	20.637
-25.7	20.664
-25.6	20.64
-25.4	20.641
-25.4	20.626
-25.1	20.637
-25	20.624
-25	20.634
-24.8	20.624
-24.6	20.639
-24.6	20.629
-24.4	20.635
-24.2	20.63
-24.2	20.613
-24.1	20.629
-23.9	20.616
-23.9	20.624
-23.7	20.618
-23.7	20.618
-23.5	20.624
-23.3	20.623
-23.3	20.615
-23.1	20.601
-22.9	20.621
-22.9	20.621
-22.7	20.612
-22.5	20.614
-22.5	20.6
-22.4	20.6
-22.2	20.582
-22.2	20.59
-22	20.587
-21.8	20.572
-21.8	20.572
-21.6	20.575
-21.4	20.578
-21.4	20.56
-21.2	20.594
-21	20.57
-21	20.579
-20.9	20.585
-20.7	20.576
-20.7	20.564
-20.5	20.57
-20.3	20.582
-20.3	20.57
-20.2	20.576
-20	20.566
-20	20.57
-19.8	20.567
-19.6	20.572
-19.6	20.582
-19.4	20.576
-19.3	20.557
-19.3	20.573
-19.1	20.549
-18.9	20.542
-18.9	20.548
-18.7	20.549
-18.5	20.545
-18.5	20.548
-18.4	20.542
-18.2	20.542
-18.2	20.535
-18	20.542
-17.8	20.529
-17.8	20.532
-17.6	20.535
-17.4	20.541
-17.4	20.529
-17.2	20.535
-17	20.535
-17	20.532
-16.8	20.535
-16.7	20.507
-16.7	20.507
-16.5	20.507
-16.48	20.514
-16.3	20.517
-16	20.522
-16	20.505
-15.9	20.501
-15.7	20.495
-15.7	20.507
-15.5	20.502
-15.3	20.489
-15.3	20.492
-15.1	20.486
-14.9	20.484
-14.9	20.48
-14.7	20.477
-14.6	20.487
-14.6	20.48
-14.4	20.494
-14.2	20.466
-14.2	20.48
-14	20.468
-13.8	20.472
-13.8	20.476
-13.6	20.478
-13.4	20.475
-13.4	20.471
-13.2	20.464
-13	20.46
-13	20.481
-12.9	20.462
-12.7	20.459
-12.7	20.474
-12.5	20.478
-12.3	20.456
-12.3	20.466
-12.1	20.469
-11.9	20.452
-11.9	20.441
-11.7	20.437
-11.5	20.429
-11.5	20.404
-11.3	20.419
-11.1	20.417
-11.1	20.417
-10.9	20.446
-10.7	20.433
-10.7	20.457
-10.6	20.439
-10.4	20.446
-10.4	20.437
-10.2	20.431
-10	20.407
-10	20.406
-9.8	20.407
-9.6	20.426
-9.6	20.418
-9.4	20.405
-9.2	20.434
-9.2	20.4
-9	20.397
-9	20.385
-8.9	20.386
-8.7	20.355
-8.7	20.357
-8.4	20.376
-8.2	20.367
-8.2	20.345
-8	20.336
-7.8	20.356
-7.8	20.346
-7.7	20.352
-7.4	20.364
-7.4	20.327
-7.2	20.324
-7	20.321
-7	20.318
-6.7	20.318
-6.5	20.333
-6.5	20.346
-6.3	20.346
-6.1	20.348
-6.1	20.352
-5.8	20.352
-5.6	20.32
-5.6	20.307
-5.3	20.294
-5.2	20.298
-5.2	20.291
-5	20.3
-4.8	20.307
-4.8	20.307
-4.6	20.282
-4.4	20.3
-4.4	20.288
-4.2	20.298
-4	20.286
-4	20.298
0	20.291
-3.6	20.276
-3.6	20.276
-3.4	20.255
-3.3	20.267
-3.3	20.261
-3.1	20.243
-3	20.245
-3	20.249
-2.8	20.246
-2.6	20.236
-2.6	20.23
0	20.227
-2.2	20.228
-2.2	20.23
-2.1	20.197
-1.9	20.209
-1.9	20.206
-1.7	20.202
-1.7	20.224
-1.5	20.194
0	20.182
0	20.163
-1.1	20.157
-0.9	20.148
-0.9	20.147
-0.7	20.151
-0.6	20.127
-0.6	20.136
-0.4	20.13
0	20.133
0	20.118
0	20.101
0.1	20.1
0.1	20.07
0.3	20.068
0.5	20.047
0.5	20.037
0.7	20.047
0.8	20.03
0.8	20.026
0.9	20.022
1.1	20.022
1.1	19.998
1.4	20.001
1.5	20.001
1.5	19.98
1.8	20.01
1.9	19.998
1.9	19.998
2.1	20.017
2.3	20.034
2.3	19.992
2.4	20.025
2.6	20.01
2.6	19.989
2.8	19.992
3	19.971
3	19.94
3.3	19.958
3.5	19.929
3.5	19.942
3.7	19.915
3.9	19.905
3.9	19.917
4.1	19.912
4.3	19.915
4.3	19.889
4.5	19.888
4.6	19.882
4.6	19.878
4.9	19.863
5.1	19.869
5.1	19.866
5.2	19.863
5.2	19.872
5.4	19.875
5.6	19.901
5.6	19.906
5.7	19.912
5.9	19.904
5.9	19.927
6.1	19.933
6.2	19.95
6.2	19.967
6.4	19.98
6.6	19.997
6.6	20.018
6.8	20.01
7	20.029
7	20.03
7.1	20.032
7.3	20.022
7.3	20.037
7.4	20.049
7.6	20.043
7.6	20.052
7.8	20.059
8	20.071
8	20.071
8.2	20.071
8.4	20.071
8.4	20.092
8.6	20.077
8.9	20.071
8.9	20.071
9	20.075
9.2	20.09
9.2	20.072
9.5	20.068
9.7	20.065
9.7	20.069
9.9	20.068
10.1	20.071
10.1	20.068
10.4	20.069
10.6	20.05
10.6	20.066
10.8	20.05
11	20.047
11	20.035
11.1	20.047
11.3	20.05
11.3	20.038
11.5	20.041
11.7	20.053
11.7	20.059
11.8	20.056
12	20.063
12	20.053
12.2	20.062
12.4	20.062
12.4	20.059
12.6	20.056
12.6	20.059
12.7	20.05
12.9	20.059
12.9	20.06
13.2	20.065
13.3	20.047
13.3	20.029
13.5	20.041
13.7	20.022
13.7	20.025
13.9	20.019
14.1	20.005
14.1	20.014
14.2	20.007
14.4	20.006
14.4	20.007
14.6	20.011
14.8	20.013
14.8	20.01
15	20.013
15.2	20.007
15.2	20.009
15.3	20
15.5	19.99
15.5	20.009
15.7	19.993
16	19.994
16	20.018
16.1	19.995
16.3	19.986
16.3	19.996
16.6	19.988
16.8	19.983
16.8	19.991
17	19.986
17.2	19.994
17.2	19.989
17.4	19.983
17.5	19.971
17.5	19.986
17.7	19.989
17.9	19.99
17.9	19.98
18.1	19.996
18.3	19.986
18.3	19.984
18.5	19.989
18.6	19.995
18.6	19.982
18.8	19.998
19	19.979
19	19.991
19.2	20.004
19.4	19.995
19.4	19.992
19.6	19.983
19.61	19.986
19.7	19.995
19.9	19.992
19.9	19.986
20	19.976
20.2	19.961
20.2	19.968
20.4	19.971
20.7	19.962
20.7	19.968
20.8	19.965
21	19.962
21	19.958
21.2	19.962
21.4	19.96
21.4	19.968
21.5	19.974
21.7	19.979
21.7	19.987
21.9	19.972
22.2	19.983
22.2	19.989
22.4	19.988
22.6	19.98
22.6	19.974
22.8	19.968
23	19.983
23	19.977
23.2	19.982
23.3	19.973
23.3	19.961
23.5	19.964
23.7	19.964
23.7	19.961
23.9	19.961
24.1	19.96
24.1	19.967
24.3	19.963
24.5	19.964
24.5	19.967
24.7	19.961
24.9	19.967
24.9	19.967
25	19.967
25.2	19.97
25.2	19.969
25.4	19.967
25.6	19.964
25.6	19.964
25.8	19.961
26	19.961
26	19.958
26.2	19.958
26.4	19.964
26.4	19.967
26.6	19.97
26.8	19.973
26.8	19.979
26.9	19.979
26.9	19.988
27.1	19.989
27.4	19.994
27.4	19.997
27.5	20
27.7	20
27.7	19.997
27.9	19.991
28.1	19.985
28.1	19.986
28.4	19.979
28.6	19.983
28.6	19.979
28.8	19.971
28.9	19.961
28.9	19.961
29.1	19.961
29.3	19.955
29.3	19.958
29.5	19.964
29.7	19.958
29.7	19.964
29.9	19.964
30	19.962
30	19.965
30.3	19.964
30.4	19.965
30.4	19.964
30.7	19.968
30.9	19.965
30.9	19.968
31.1	19.968
31.3	19.974
31.3	19.974
31.5	19.972
31.7	19.968
31.7	19.974
31.9	19.977
32	19.974
32	19.98
32.2	19.983
32.4	19.987
32.4	19.985
32.6	19.981
32.7	19.983
32.7	19.968
32.9	19.971
33.1	19.971
33.1	19.984
33.3	19.992
33.5	19.98
33.5	19.974
33.7	19.974
33.8	19.972
33.8	19.962
33.9	19.959
33.9	19.978
34.1	19.975
34.3	19.971
34.3	19.965
34.5	19.965
34.7	19.986
34.7	19.987
34.9	19.99
35.1	19.985
35.1	19.981
35.3	19.976
35.5	19.974
35.5	19.974
35.6	19.974
35.8	19.988
35.8	19.992
36	19.993
36.3	19.995
36.3	19.998
36.4	20.005
36.7	20.008
36.7	20.007
36.9	20.008
37.1	20.016
37.1	20.014
37.3	20.019
37.5	20.019
37.5	20.022
37.7	20.016
37.9	20.015
37.9	20.01
38.1	20.013
38.3	20.01
38.3	20.01
38.5	20.007
38.7	20.004
38.7	20.01
38.9	20.01
39	20.01
39	20.004
39.1	20
39.3	19.997
39.3	19.997
39.5	19.997
39.6	19.995
39.6	20
39.8	20
40	20.003
40	20.003
40.2	20.01
40.4	20.003
40.4	20.006
40.6	20
40.8	20.003
40.8	19.991
41	19.988
41.2	19.988
41.2	19.997
41.4	19.973
41.4	19.964
41.6	19.964
41.8	19.979
41.8	19.991
42	19.973
42.3	19.973
42.3	19.973
42.5	19.97
42.7	19.973
42.7	19.973
42.8	19.967
43	19.976
43	19.985
43.2	19.991
43.3	19.997
43.3	19.991
43.5	19.985
43.8	19.991
43.8	19.994
44	19.992
44.2	19.997
44.2	19.994
44.3	20.003
44.5	20.001
44.5	20.004
44.7	19.997
44.9	19.998
44.9	19.994
45.1	19.992
45.3	19.989
45.3	19.989
45.5	19.983
45.7	19.98
45.7	19.974
45.8	19.961
46	19.952
46	19.949
46.2	19.946
46.5	19.937
46.5	19.934
46.7	19.94
46.9	19.946
46.9	19.949
47.1	19.94
47.3	19.95
47.3	19.934
47.4	19.931
47.7	19.944
47.7	19.94
47.8	19.931
48	19.947
48	19.94
48.2	19.943
48.4	19.956
48.4	19.961
48.6	19.962
48.6	19.96
48.7	19.97
48.9	19.962
48.9	19.965
49.1	19.959
49.3	19.959
49.3	19.974
49.5	19.98
49.7	19.988
49.7	19.992
49.8	19.989
50.1	19.983
50.1	19.983
50.2	19.98
50.4	19.971
50.4	19.959
50.6	19.962
50.8	19.959
50.8	19.961
51	19.953
51.2	19.958
51.2	19.956
51.4	19.962
51.6	19.955
51.6	19.97
51.8	19.992
52	19.988
52	20.007
52.3	20.001
52.5	20.002
52.5	20.004
52.7	20.03
52.9	20.037
52.9	20.044
53	20.05
53.2	20.068
53.2	20.089
53.5	20.075
53.6	20.068
53.6	20.08
53.8	20.062
54	20.071
54	20.071
54.3	20.074
54.4	20.08
54.4	20.078
54.6	20.074
54.9	20.074
54.9	20.074
55.1	20.075
55.2	20.071
55.2	20.077
55.4	20.071
55.6	20.071
55.6	20.068
55.8	20.071
55.8	20.068
55.9	20.068
56.1	20.062
56.1	20.068
56.3	20.062
56.6	20.062
56.6	20.059
56.8	20.065
56.9	20.059
56.9	20.055
57.1	20.068
57.2	20.065
57.2	20.064
57.4	20.068
57.6	20.065
57.6	20.061
57.8	20.065
58.1	20.065
58.1	20.065
58.2	20.062
58.4	20.065
58.4	20.065
58.6	20.062
58.8	20.059
58.8	20.059
59	20.066
59.2	20.05
59.2	20.058
59.4	20.059
59.6	20.056
59.6	20.053
59.8	20.051
60	20.053
60	20.065
60.2	20.059
60.5	20.062
60.5	20.054
60.7	20.05
60.9	20.05
60.9	20.053
61.2	20.059
61.5	20.059
61.5	20.05
61.8	20.053
62.1	20.032
62.1	20.031
62.4	20.038
62.6	20.04
62.6	20.037
62.9	20.034
63.1	20.031
63.1	20.028
63.3	20.031
63.5	20.031
63.5	20.031
63.8	20.021
64	20.021
64	20.019
64.1	20.02
64.1	20.021
64.3	20.018
64.5	20.014
64.5	20.018
64.7	20.024
64.8	20.015
64.8	20.024
65	20.018
65.1	20.022
65.1	20.017
65.2	20.018
65.4	20.018
65.4	20.018
65.5	20.017
65.6	20.02
65.6	20.018
65.8	20.021
65.9	20.025
65.9	20.021
66	20.024
66.2	20.028
66.2	20.022
66.3	20.024
66.4	20.026
66.4	20.026
66.6	20.028
66.8	20.034
66.8	20.026
67	20.033
67.2	20.034
67.2	20.043
67.4	20.049
67.5	20.046
67.5	20.046
67.7	20.05
67.9	20.051
67.9	20.049
68	20.052
68.2	20.052
68.2	20.052
68.4	20.058
68.6	20.059
68.6	20.059
68.7	20.055
68.9	20.059
68.9	20.062
69.1	20.065
69.3	20.065
69.3	20.062
69.4	20.068
69.6	20.065
69.6	20.062
69.8	20.065
70	20.068
70	20.068
70.2	20.069
70.22	20.069
70.4	20.065
70.6	20.062
70.6	20.065
70.8	20.065
71	20.061
71	20.062
71.2	20.062
71.4	20.062
71.4	20.06
71.6	20.058
71.8	20.059
71.8	20.056
71.9	20.053
72.1	20.053
72.1	20.059
72.4	20.044
72.5	20.053
72.5	20.05
72.7	20.05
72.9	20.043
72.9	20.049
73.1	20.05
73.3	20.044
73.3	20.044
73.5	20.047
73.7	20.052
73.7	20.043
73.9	20.043
74.1	20.046
74.1	20.043
74.3	20.043
74.5	20.04
74.5	20.04
74.7	20.043
74.9	20.049
74.9	20.043
75	20.037
75.2	20.04
75.2	20.044
75.4	20.043
75.6	20.046
75.6	20.043
75.8	20.049
75.9	20.046
75.9	20.062
76.1	20.061
76.3	20.055
76.3	20.059
76.5	20.061
76.6	20.064
76.6	20.065
76.8	20.068
77	20.071
77	20.07
77.2	20.077
77.4	20.074
77.4	20.077
77.6	20.08
77.6	20.083
77.8	20.083
77.9	20.089
77.9	20.086
78	20.092
78.2	20.092
78.2	20.093
78.4	20.092
78.6	20.1
78.6	20.098
78.7	20.102
78.8	20.098
78.8	20.102
79	20.104
79.1	20.105
79.1	20.105
79.2	20.108
79.3	20.105
79.3	20.108
79.4	20.108
79.5	20.108
79.5	20.108
79.6	20.108
79.7	20.111
79.7	20.111
79.8	20.111
79.8	20.108
79.8	20.111
79.9	20.108
80	20.113
80	20.111
80	20.108
80.1	20.108
80.1	20.111
80.1	20.111
80.2	20.108
80.2	20.105
80.2	20.108
80.3	20.099
80.3	20.105
80.3	20.102
80.4	20.09
80.4	20.093
80.4	20.1
80.4	20.093
80.4	20.09
80.4	20.093
80.4	20.09
80.4	20.09
80.5	20.083
80.5	20.084
80.5	20.081
80.5	20.084
80.5	20.075
80.5	20.081
80.6	20.078
80.6	20.077
80.6	20.075
80.6	20.077
80.6	20.072
80.7	20.072
80.7	20.068
80.7	20.068
80.7	20.062
80.7	20.068
80.7	20.065
80.7	20.062
80.8	20.056
80.8	20.056
80.7	20.053
80.6	20.053
80.6	20.053
80.6	20.046
80.5	20.053
80.5	20.05
80.4	20.053
80.4	20.05
80.4	20.053
80.3	20.049
80.3	20.049
80.3	20.059
80.2	20.053
80.1	20.05
80.1	20.049
80	20.055
79.9	20.05
79.9	20.049
79.9	20.049
79.8	20.049
79.8	20.049
79.8	20.053
79.8	20.055
79.8	20.052
79.8	20.053
79.7	20.052
79.7	20.052
79.7	20.049
79.6	20.053
79.6	20.049
79.5	20.052
79.5	20.049
79.5	20.058
79.5	20.058
79.4	20.061
79.4	20.062
79.3	20.058
79.3	20.061
79.3	20.064
79.2	20.07
79.1	20.064
79.1	20.066
79	20.061
79	20.068
79	20.065
78.9	20.068
78.9	20.067
78.8	20.064
78.8	20.068
78.8	20.067
78.6	20.071
78.5	20.073
78.5	20.073
78.4	20.073
78.3	20.077
78.3	20.077
78.2	20.076
78	20.077
78	20.079
77.9	20.08
77.7	20.078
77.7	20.08
77.6	20.08
77.5	20.079
77.5	20.08
77.3	20.083
77.2	20.08
77.2	20.083
77	20.083
77	20.083
76.8	20.083
76.7	20.093
76.7	20.089
76.5	20.093
76.5	20.1
76.3	20.093
76.2	20.092
76.2	20.099
76.1	20.096
75.9	20.099
75.9	20.099
75.8	20.098
75.7	20.095
75.7	20.093
75.6	20.093
75.4	20.09
75.4	20.09
75.3	20.093
75.2	20.096
75.2	20.09
75.1	20.09
74.9	20.093
74.9	20.086
74.8	20.084
74.7	20.087
74.7	20.09
74.5	20.087
74.4	20.09
74.4	20.089
74.3	20.087
74.3	20.086
74.2	20.086
74.1	20.09
74.1	20.086
73.9	20.09
73.8	20.083
73.8	20.086
73.7	20.086
73.6	20.089
73.6	20.086
73.4	20.083
73.3	20.083
73.3	20.083
73.2	20.083
73.1	20.083
73.1	20.086
72.9	20.083
72.8	20.083
72.8	20.08
72.7	20.079
72.5	20.077
72.5	20.08
72.4	20.08
72.3	20.077
72.3	20.077
72.2	20.073
72.1	20.077
72.1	20.074
71.9	20.074
71.8	20.08
71.8	20.073
71.7	20.074
71.6	20.08
71.6	20.08
71.5	20.074
71.3	20.074
71.3	20.073
71.2	20.076
71.1	20.077
71.1	20.074
71	20.074
70.8	20.071
70.8	20.071
70.7	20.074
70.6	20.071
70.6	20.071
70.5	20.074
70.3	20.071
70.3	20.068
70.2	20.068
70.1	20.07
70.1	20.071
70	20.071
69.9	20.065
69.9	20.068
69.8	20.068
69.79	20.068
69.7	20.071
69.6	20.071
69.6	20.068
69.5	20.068
69.3	20.065
69.3	20.068
69.2	20.068
69.1	20.071
69.1	20.065
69	20.074
68.9	20.068
68.9	20.071
68.8	20.072
68.7	20.074
68.7	20.067
68.6	20.075
68.5	20.073
68.5	20.072
68.3	20.069
68.2	20.072
68.2	20.072
68.1	20.077
68	20.075
68	20.075
67.9	20.075
67.8	20.078
67.8	20.074
67.7	20.075
67.5	20.075
67.5	20.075
67.5	20.078
67.3	20.085
67.3	20.084
67.2	20.084
67.1	20.09
67.1	20.087
67	20.087
66.9	20.09
66.9	20.09
66.8	20.09
66.7	20.093
66.7	20.089
66.6	20.09
66.5	20.093
66.5	20.096
66.4	20.093
66.3	20.093
66.3	20.092
66.1	20.096
66.1	20.092
66.1	20.099
66	20.093
65.9	20.095
65.9	20.093
65.8	20.096
65.6	20.092
65.6	20.093
65.5	20.1
65.5	20.096
65.4	20.099
65.3	20.099
65.3	20.098
65.2	20.098
65.1	20.099
65.1	20.105
65	20.102
64.9	20.102
64.9	20.102
64.8	20.102
64.7	20.102
64.7	20.105
64.6	20.105
64.6	20.108
64.6	20.108
64.4	20.108
64.4	20.111
64.4	20.105
64.2	20.105
64.1	20.108
64.1	20.111
64	20.108
63.9	20.105
63.9	20.108
63.8	20.111
63.7	20.105
63.7	20.108
63.6	20.105
63.5	20.108
63.5	20.108
63.5	20.105
63.4	20.101
63.4	20.108
63.3	20.111
63.2	20.102
63.2	20.108
63.1	20.108
63	20.105
63	20.111
62.9	20.111
62.8	20.111
62.8	20.108
62.7	20.108
62.6	20.105
62.6	20.111
62.6	20.111
62.5	20.114
62.5	20.108
62.3	20.114
62.3	20.111
62.3	20.117
62.2	20.114
62.1	20.114
62.1	20.111
62	20.111
62	20.114
61.9	20.111
61.8	20.111
61.8	20.114
61.7	20.111
61.6	20.111
61.6	20.108
61.5	20.108
61.4	20.111
61.4	20.108
61.3	20.111
61.3	20.111
61.3	20.108
61.2	20.105
61.1	20.106
61.1	20.105
61	20.105
60.9	20.105
60.9	20.105
60.8	20.102
60.7	20.105
60.7	20.1
60.6	20.105
60.5	20.102
60.5	20.105
60.5	20.099
60.4	20.099
60.4	20.102
60.3	20.099
60.2	20.093
60.2	20.099
60.1	20.096
60.1	20.09
60.1	20.09
60	20.093
59.9	20.09
59.9	20.093
59.8	20.087
59.7	20.09
59.7	20.093
59.7	20.087
59.6	20.087
59.6	20.087
59.5	20.087
59.4	20.087
59.4	20.087
59.3	20.085
59.2	20.084
59.2	20.084
59.1	20.081
59	20.078
59	20.083
59	20.08
58.9	20.078
58.9	20.081
58.8	20.081
58.79	20.075
58.7	20.078
58.6	20.075
58.6	20.078
58.5	20.078
58.5	20.078
58.5	20.081
58.4	20.074
58.3	20.075
58.3	20.074
58.2	20.074
58.1	20.072
58.1	20.075
58.1	20.074
58	20.074
58	20.071
57.9	20.077
57.8	20.072
57.8	20.074
57.7	20.071
57.6	20.071
57.6	20.074
57.6	20.071
57.5	20.071
57.5	20.068
57.4	20.071
57.4	20.074
57.4	20.068
57.3	20.065
57.2	20.068
57.2	20.068
57.1	20.068
57	20.065
57	20.068
57	20.074
56.9	20.067
56.9	20.071
56.8	20.065
56.7	20.068
56.7	20.068
56.7	20.068
56.6	20.065
56.6	20.067
56.5	20.065
56.4	20.068
56.4	20.065
56.3	20.068
56.3	20.061
56.3	20.064
56.2	20.067
56.1	20.064
56.1	20.062
56.1	20.064
56	20.062
56	20.065
55.9	20.062
55.8	20.065
55.8	20.065
55.7	20.061
55.7	20.059
55.7	20.059
55.6	20.065
55.6	20.062
55.5	20.062
55.4	20.063
55.4	20.062
55.4	20.059
55.3	20.062
55.3	20.062
55.2	20.062
55.2	20.065
55.2	20.066
55.1	20.064
55	20.066
55	20.06
54.9	20.063
54.9	20.063
54.9	20.059
54.8	20.062
54.7	20.062
54.7	20.061
54.6	20.059
54.6	20.057
54.6	20.066
54.5	20.065
54.4	20.062
54.4	20.062
54.3	20.062
54.3	20.062
54.3	20.063
54.2	20.062
54.1	20.063
54.1	20.059
54	20.059
54	20.062
54	20.063
53.9	20.06
53.8	20.063
53.8	20.059
53.8	20.059
53.7	20.063
53.7	20.063
53.6	20.066
53.6	20.062
53.6	20.063
53.5	20.063
53.4	20.063
53.4	20.061
53.3	20.063
53.3	20.066
53.3	20.062
53.2	20.063
53.1	20.066
53.1	20.066
53.1	20.059
53	20.063
53	20.062
52.9	20.066
52.9	20.066
52.9	20.063
52.8	20.062
52.8	20.069
52.7	20.066
52.6	20.066
52.6	20.062
52.6	20.062
52.5	20.065
52.5	20.065
52.5	20.065
52.4	20.068
52.4	20.065
52.3	20.071
52.2	20.068
52.2	20.065
52.2	20.068
52.1	20.068
52.1	20.068
52	20.071
52	20.068
52	20.068
51.9	20.065
51.8	20.071
51.8	20.067
51.8	20.074
51.7	20.071
51.7	20.07
51.6	20.071
51.5	20.071
51.5	20.071
51.5	20.074
51.4	20.074
51.4	20.074
51.4	20.071
51.3	20.074
51.3	20.08
51.2	20.073
51.2	20.077
51.2	20.076
51.1	20.077
51	20.079
51	20.08
51	20.08
50.9	20.079
50.9	20.077
50.8	20.08
50.8	20.08
50.8	20.083
50.7	20.083
50.6	20.083
50.6	20.087
50.5	20.083
50.5	20.086
50.5	20.086
50.4	20.087
50.4	20.086
50.4	20.086
50.3	20.083
50.3	20.087
50.3	20.083
50.2	20.087
50.2	20.084
50.1	20.087
50	20.087
50	20.084
50	20.09
49.9	20.09
49.9	20.09
49.8	20.093
49.8	20.093
49.8	20.09
49.7	20.093
49.7	20.094
49.7	20.093
49.6	20.091
49.5	20.096
49.5	20.096
49.5	20.093
49.4	20.102
49.4	20.099
49.3	20.096
49.3	20.096
49.3	20.098
49.2	20.105
49.1	20.102
49.1	20.099
49.1	20.102
49	20.102
49	20.099
48.9	20.099
48.9	20.102
48.9	20.102
48.8	20.102
48.8	20.104
48.8	20.099
48.7	20.099
48.6	20.105
48.6	20.105
48.6	20.108
48.5	20.108
48.5	20.108
48.4	20.108
48.4	20.109
48.4	20.111
48.3	20.114
48.2	20.114
48.2	20.111
48.1	20.113
48.1	20.111
48.1	20.114
48	20.11
48	20.114
48	20.114
47.9	20.117
47.9	20.111
47.8	20.116
47.8	20.114
47.8	20.117
47.7	20.11
47.6	20.113
47.6	20.113
47.6	20.117
47.5	20.114
47.5	20.113
47.4	20.117
47.4	20.113
47.4	20.113
47.3	20.114
47.2	20.113
47.2	20.113
47.1	20.113
47.1	20.114
47.1	20.113
47	20.116
47	20.114
47	20.114
46.9	20.113
46.8	20.114
46.8	20.114
46.7	20.114
46.7	20.117
46.7	20.112
46.6	20.115
46.5	20.114
46.5	20.114
46.4	20.115
46.4	20.115
46.4	20.118
46.3	20.114
46.2	20.112
46.2	20.115
46.1	20.111
46	20.115
46	20.115
46	20.118
45.9	20.118
45.9	20.112
45.7	20.115
45.7	20.114
45.7	20.114
45.6	20.111
45.5	20.115
45.5	20.111
45.4	20.111
45.2	20.111
45.2	20.114
45.1	20.111
45.1	20.108
45.1	20.108
45	20.111
45	20.108
44.9	20.111
44.8	20.11
44.8	20.108
44.7	20.104
44.6	20.102
44.6	20.104
44.5	20.105
44.4	20.104
44.4	20.102
44.2	20.108
44.1	20.105
44.1	20.105
44	20.108
43.9	20.105
43.9	20.102
43.8	20.105
43.7	20.106
43.7	20.105
43.6	20.102
43.5	20.106
43.5	20.102
43.3	20.103
43.2	20.105
43.2	20.103
43.1	20.103
43	20.103
43	20.102
42.9	20.105
42.7	20.102
42.7	20.102
42.6	20.096
42.5	20.103
42.5	20.099
42.3	20.105
42.1	20.102
42.1	20.101
42.1	20.105
42	20.099
42	20.098
41.9	20.102
41.7	20.102
41.7	20.1
41.6	20.098
41.5	20.094
41.5	20.092
41.3	20.101
41.2	20.097
41.2	20.095
41.1	20.092
40.9	20.099
40.9	20.095
40.8	20.097
40.6	20.097
40.6	20.093
40.4	20.093
40.4	20.089
40.4	20.093
40.2	20.093
40.2	20.096
40	20.093
39.9	20.093
39.9	20.096
39.8	20.1
39.7	20.096
39.7	20.093
39.5	20.093
39.4	20.093
39.4	20.094
39.2	20.093
39	20.093
39	20.09
38.9	20.093
38.8	20.094
38.8	20.09
38.7	20.093
38.5	20.094
38.5	20.096
38.4	20.09
38.3	20.093
38.3	20.09
38.2	20.093
38.1	20.093
38.1	20.096
38	20.093
37.9	20.09
37.9	20.093
37.7	20.096
37.5	20.089
37.5	20.093
37.4	20.089
37.3	20.086
37.3	20.092
37.1	20.089
36.9	20.09
36.9	20.09
36.8	20.086
36.7	20.093
36.7	20.093
36.6	20.093
36.4	20.095
36.4	20.09
36.3	20.086
36.1	20.086
36.1	20.086
36	20.086
35.9	20.087
35.9	20.09
35.8	20.086
35.7	20.086
35.7	20.087
35.5	20.086
35.3	20.092
35.3	20.096
35.2	20.089
35.2	20.09
35	20.093
34.9	20.093
34.9	20.09
34.9	20.093
34.7	20.086
34.7	20.09
34.6	20.087
34.5	20.093
34.5	20.087
34.4	20.087
34.2	20.087
34.2	20.09
34.1	20.091
34.1	20.088
34.1	20.09
34	20.09
34	20.09
34	20.09
33.9	20.087
33.9	20.087
33.9	20.087
33.8	20.087
33.6	20.09
33.6	20.084
33.5	20.087
33.3	20.087
33.3	20.087
33.2	20.084
33.1	20.093
33.1	20.087
33.1	20.087
33	20.084
33	20.086
32.9	20.086
32.8	20.086
32.8	20.083
32.8	20.086
32.7	20.086
32.7	20.085
32.6	20.08
32.5	20.083
32.5	20.083
32.5	20.084
32.4	20.081
32.4	20.089
32.3	20.084
32.2	20.077
32.2	20.08
32.1	20.08
32.1	20.077
32.1	20.08
32	20.08
32	20.08
32	20.082
32	20.077
32	20.084
31.9	20.081
31.8	20.081
31.8	20.079
31.7	20.081
31.6	20.08
31.6	20.081
31.4	20.076
31.4	20.084
31.4	20.081
31.3	20.081
31.3	20.078
31.3	20.084
31.3	20.081
31.2	20.081
31.2	20.084
31.2	20.087
31.1	20.084
31.1	20.081
31	20.089
31	20.087
31	20.083
30.9	20.081
30.9	20.086
30.9	20.083
30.9	20.083
30.8	20.083
30.8	20.08
30.8	20.08
30.8	20.081
30.8	20.077
30.8	20.079
30.7	20.079
30.7	20.077
30.7	20.079
30.7	20.079
30.7	20.08
30.6	20.08
30.6	20.079
30.6	20.074
30.6	20.074
30.6	20.08
30.6	20.08
30.6	20.08
30.6	20.08
30.6	20.077
30.6	20.077
30.5	20.077
30.5	20.08
30.5	20.08
30.5	20.081
30.5	20.077
30.5	20.078
30.5	20.081
30.5	20.081
30.4	20.078
30.4	20.078
30.4	20.084
30.4	20.081
30.4	20.078
30.4	20.078
30.4	20.081
30.4	20.081
30.4	20.078
30.3	20.081
30.3	20.081
30.3	20.078
30.3	20.081
30.3	20.08
30.2	20.081
30.2	20.078
30.2	20.081
30.2	20.08
30.1	20.074
30.1	20.077
30.1	20.077
30	20.077
30	20.083
29.9	20.077
29.9	20.077
29.9	20.077
29.8	20.08
29.7	20.071
29.7	20.074
29.5	20.077
29.4	20.08
29.4	20.074
29.3	20.077
29.2	20.074
29.2	20.074
29.1	20.073
29.1	20.077
29.1	20.071
28.9	20.074
28.8	20.071
28.8	20.071
28.6	20.074
28.5	20.068
28.5	20.071
28.4	20.074
28.3	20.073
28.3	20.072
28.3	20.072
28.2	20.068
28.2	20.07
28.1	20.071
27.9	20.069
27.9	20.067
27.8	20.069
27.6	20.068
27.6	20.072
27.5	20.069
27.3	20.072
27.3	20.072
27.2	20.069
27.2	20.068
27	20.069
26.9	20.072
26.9	20.068
26.8	20.072
26.6	20.069
26.6	20.072
26.6	20.073
26.5	20.067
26.5	20.068
26.4	20.065
26.3	20.071
26.3	20.065
26.2	20.068
26	20.071
26	20.065
25.9	20.067
25.7	20.068
25.7	20.068
25.6	20.065
25.4	20.065
25.4	20.065
25.3	20.068
25.1	20.067
25.1	20.065
25.1	20.068
25	20.062
25	20.061
24.9	20.061
24.7	20.061
24.7	20.059
24.6	20.062
24.5	20.068
24.5	20.062
24.4	20.058
24.3	20.062
24.3	20.065
24.2	20.062
24	20.065
24	20.063
23.9	20.059
23.7	20.059
23.7	20.056
23.6	20.056
23.4	20.056
23.4	20.059
23.3	20.059
23.2	20.062
23.2	20.057
23.1	20.056
23	20.063
23	20.057
22.9	20.053
22.8	20.053
22.8	20.054
22.8	20.06
22.8	20.06
22.6	20.056
22.5	20.053
22.5	20.053
22.4	20.053
22.3	20.059
22.3	20.059
22.1	20.056
22	20.059
22	20.062
21.9	20.056
21.8	20.059
21.8	20.056
21.7	20.062
21.7	20.055
21.7	20.062
21.5	20.052
21.4	20.052
21.4	20.055
21.3	20.058
21.3	20.058
21.3	20.052
21.2	20.052
21.1	20.049
21.1	20.058
20.9	20.049
20.8	20.052
20.8	20.052
20.7	20.049
20.6	20.055
20.6	20.055
20.5	20.049
20.4	20.052
20.4	20.049
20.3	20.046
20.2	20.052
20.2	20.049
20	20.053
20	20.05
20	20.046
19.9	20.05
19.8	20.053
19.8	20.052
19.6	20.05
19.6	20.05
19.6	20.05
19.5	20.05
19.4	20.049
19.4	20.05
19.3	20.053
19.2	20.05
19.2	20.05
19	20.053
18.9	20.05
18.9	20.05
18.8	20.056
18.79	20.052
18.7	20.053
18.6	20.059
18.6	20.06
18.5	20.057
18.4	20.059
18.4	20.059
18.3	20.059
18.2	20.056
18.2	20.056
18	20.054
17.9	20.059
17.9	20.063
17.9	20.065
17.7	20.06
17.7	20.066
17.6	20.059
17.6	20.053
17.6	20.062
17.5	20.054
17.5	20.06
17.5	20.06
17.4	20.056
17.3	20.062
17.3	20.062
17.2	20.063
17.2	20.069
17.2	20.078
17	20.069
16.9	20.069
16.9	20.069
16.7	20.074
16.6	20.069
16.6	20.071
16.5	20.071
16.4	20.075
16.4	20.074
16.4	20.071
16.2	20.071
16.2	20.08
16.1	20.08
16	20.074
16	20.08
16	20.08
15.9	20.08
15.9	20.071
15.9	20.07
15.7	20.074
15.7	20.071
15.6	20.074
15.5	20.074
15.5	20.073
15.3	20.071
15.2	20.071
15.2	20.074
15.1	20.074
15	20.074
15	20.077
14.9	20.083
14.89	20.074
14.8	20.08
14.8	20.077
14.8	20.084
14.7	20.08
14.6	20.081
14.6	20.08
14.5	20.084
14.4	20.081
14.4	20.084
14.4	20.081
14.3	20.084
14.3	20.09
14.1	20.087
14	20.087
14	20.087
14	20.09
13.8	20.087
13.8	20.087
13.7	20.087
13.7	20.09
13.7	20.087
13.6	20.087
13.5	20.087
13.5	20.09
13.4	20.087
13.3	20.09
13.3	20.09
13.3	20.089
13.2	20.09
13.2	20.09
13.2	20.09
13.1	20.093
13.1	20.093
13	20.093
13	20.093
13	20.092
12.9	20.092
12.7	20.095
12.7	20.092
12.6	20.089
12.5	20.093
12.5	20.092
12.4	20.093
12.3	20.092
12.3	20.095
12.2	20.098
12.2	20.098
12.2	20.098
12.1	20.096
12	20.092
12	20.098
11.9	20.098
11.8	20.095
11.8	20.098
11.7	20.1
11.6	20.101
11.6	20.101
11.5	20.101
11.5	20.101
11.4	20.098
11.4	20.104
11.4	20.101
11.3	20.102
11.2	20.105
11.2	20.105
11.1	20.102
11	20.105
11	20.105
10.9	20.105
10.8	20.108
10.8	20.105
10.7	20.105
10.7	20.105
10.7	20.108
10.6	20.105
10.5	20.108
10.5	20.105
10.4	20.103
10.3	20.111
10.3	20.105
10.3	20.108
10.2	20.105
10.2	20.106
10.1	20.105
10	20.105
10	20.108
9.9	20.108
9.9	20.106
9.9	20.109
9.8	20.106
9.7	20.108
9.7	20.106
9.6	20.109
9.4	20.108
9.4	20.112
9.3	20.109
9.3	20.112
9.3	20.108
9.2	20.109
9.1	20.108
9.1	20.109
9.1	20.105
9	20.105
9	20.108
8.9	20.109
8.8	20.108
8.8	20.112
8.6	20.108
8.6	20.106
8.6	20.108
8.6	20.112
8.5	20.108
8.5	20.111
8.4	20.111
8.4	20.108
8.4	20.105
8.3	20.117
8.3	20.114
8.2	20.111
8	20.111
8	20.113
8	20.114
7.9	20.108
7.9	20.111
7.8	20.114
7.8	20.108
7.8	20.108
7.6	20.111
7.5	20.108
7.5	20.108
7.4	20.111
7.3	20.111
7.3	20.108
7.3	20.111
7.2	20.108
7.2	20.108
7.2	20.107
7.1	20.107
7.1	20.107
7.1	20.104
7	20.104
7	20.11
6.9	20.111
6.9	20.11
6.9	20.114
6.8	20.111
6.7	20.108
6.7	20.111
6.7	20.108
6.6	20.108
6.6	20.11
6.5	20.111
6.4	20.114
6.4	20.114
6.3	20.111
6.3	20.108
6.3	20.111
6.2	20.111
6.1	20.111
6.1	20.111
6	20.108
5.9	20.111
5.9	20.111
5.9	20.112
5.9	20.111
5.9	20.112
5.9	20.111
5.8	20.115
5.8	20.112
5.7	20.109
5.7	20.109
5.6	20.109
5.5	20.112
5.5	20.112
5.4	20.111
5.3	20.111
5.3	20.111
5.2	20.109
5.2	20.109
5.2	20.111
5	20.108
5	20.11
5	20.109
4.9	20.109
4.9	20.112
4.9	20.108
4.8	20.107
4.7	20.106
4.7	20.102
4.6	20.105
4.5	20.105
4.5	20.105
4.5	20.105
4.4	20.105
4.4	20.105
4.3	20.108
4.2	20.105
4.2	20.108
4.2	20.105
4	20.102
4	20.105
3.9	20.105
3.9	20.105
3.9	20.101
3.9	20.104
3.8	20.104
3.8	20.105
3.8	20.105
3.7	20.107
3.7	20.105
3.7	20.102
3.6	20.104
3.6	20.101
3.4	20.098
3.3	20.1
3.3	20.102
3.2	20.105
3.2	20.104
3.2	20.104
3.1	20.108
3.1	20.102
3.1	20.105
3	20.108
2.9	20.107
2.9	20.102
2.9	20.101
2.8	20.104
2.8	20.108
2.7	20.105
2.7	20.105
2.7	20.108
2.6	20.105
2.6	20.102
2.6	20.105
2.6	20.105
2.6	20.108
2.5	20.106
2.5	20.102
2.5	20.105
2.4	20.106
2.4	20.102
2.4	20.102
2.3	20.099
2.2	20.094
2.2	20.091
2.1	20.096
2	20.099
2	20.099
1.9	20.096
1.8	20.097
1.8	20.093
1.8	20.093
1.7	20.093
1.7	20.093
1.7	20.096
1.6	20.099
1.6	20.105
1.5	20.102
1.4	20.105
1.4	20.105
1.3	20.102
1.2	20.105
1.2	20.105
1.2	20.105
1.1	20.102
1.1	20.102
1	20.104
1	20.102
1	20.102
0.9	20.105
0.8	20.104
0.8	20.105
0.8	20.105
0.7	20.105
0.7	20.101
0.6	20.101
0.6	20.101
0.6	20.101
0.5	20.101
0.4	20.101
0.4	20.098
0.3	20.101
0.2	20.104
0.2	20.104
0.2	20.101
0.19	20.108
0.1	20.104
0.1	20.105
0.1	20.101
0	20.104
0	20.104
0	20.104
-0.1	20.108
-0.2	20.105
-0.2	20.102
-0.3	20.102
-0.4	20.105
-0.4	20.105
0	20.105
0	20.102
0	20.108
-0.6	20.105
-0.7	20.108
-0.7	20.105
-0.7	20.105
-0.8	20.109
-0.8	20.111
-0.8	20.105
-0.9	20.106
-0.9	20.105
-0.9	20.102
-1	20.106
-1	20.105
-1	20.102
-1.1	20.112
-1.1	20.109
-1.2	20.112
-1.3	20.111
-1.3	20.112
-1.4	20.109
-1.5	20.115
-1.5	20.112
0	20.109
0	20.109
0	20.109
-1.6	20.111
-1.7	20.111
-1.7	20.112
-1.7	20.112
-1.8	20.111
-1.8	20.108
-1.8	20.111
-1.9	20.108
-1.9	20.117
-2	20.114
-2.1	20.111
-2.1	20.11
-2.2	20.114
-2.2	20.114
-2.2	20.117
-2.2	20.108
-2.3	20.114
-2.3	20.114
-2.3	20.111
-2.3	20.117
-2.4	20.12
-2.4	20.117
-2.4	20.12
-2.5	20.116
-2.6	20.116
-2.6	20.123
0	20.12
-2.7	20.12
-2.7	20.123
-2.7	20.117
-2.8	20.12
-2.8	20.122
-2.9	20.126
-2.9	20.123
-2.9	20.12
-3	20.126
-3	20.126
-3	20.123
-3	20.123
-3.2	20.126
-3.2	20.12
-3.3	20.123
-3.4	20.13
-3.4	20.123
-3.4	20.126
-3.5	20.13
-3.5	20.124
-3.5	20.123
-3.6	20.127
-3.6	20.13
-3.7	20.127
0	20.13
0	20.127
0	20.127
-3.9	20.13
-3.9	20.13
-4	20.121
0	20.131
0	20.136
-4.1	20.131
-4.2	20.13
-4.2	20.134
-4.2	20.133
-4.3	20.13
-4.3	20.131
-4.4	20.131
-4.5	20.133
-4.5	20.13
-4.5	20.134
-4.6	20.131
-4.6	20.133
-4.6	20.133
-4.7	20.133
-4.7	20.136
-4.8	20.139
-4.8	20.133
-4.9	20.133
-4.9	20.133
-4.9	20.133
-5	20.135
-5	20.133
-5	20.136
-5	20.133
-5	20.133
-5	20.139
-5	20.135
-5.1	20.13
-5.1	20.133
0	20.133
0	20.136
0	20.139
-5.2	20.139
-5.3	20.139
-5.3	20.133
-5.3	20.132
-5.4	20.136
-5.4	20.139
-5.4	20.135
-5.5	20.139
-5.5	20.139
-5.5	20.139
-5.5	20.139
-5.5	20.145
-5.6	20.135
-5.6	20.136
-5.6	20.138
-5.7	20.141
-5.7	20.132
-5.7	20.129
-5.8	20.133
-5.9	20.129
-5.9	20.135
-5.9	20.129
-6	20.136
-6	20.132
-6	20.136
-6.1	20.132
-6.1	20.136
-6.1	20.136
-6.2	20.132
-6.2	20.139
0	20.132
-6.3	20.139
-6.3	20.138
-6.4	20.138
-6.4	20.138
-6.4	20.138
-6.4	20.133
-6.5	20.142
-6.5	20.141
-6.5	20.141
-6.6	20.141
-6.6	20.138
-6.7	20.138
-6.7	20.132
-6.8	20.142
-6.8	20.133
-6.8	20.132
-6.8	20.135
-6.8	20.138
-6.8	20.139
-6.9	20.129
-7	20.129
-7	20.123
-7.1	20.126
-7.2	20.126
-7.2	20.123
-7.2	20.141
-7.3	20.138
-7.3	20.135
0	20.141
-7.4	20.139
-7.4	20.139
-7.6	20.138
-7.7	20.144
-7.7	20.142
-7.7	20.141
-7.7	20.138
-7.7	20.138
-7.8	20.138
-7.8	20.138
-7.8	20.138
-7.8	20.138
-7.9	20.138
-7.9	20.138
-8	20.135
-8	20.135
-8	20.123
-8.1	20.135
-8.1	20.13
-8.1	20.129
-8.1	20.135
-8.2	20.138
-8.2	20.135
-8.2	20.129
-8.2	20.135
-8.2	20.129
-8.3	20.132
-8.3	20.129
-8.3	20.132
-8.4	20.122
-8.5	20.129
-8.5	20.129
-8.6	20.123
-8.6	20.126
-8.6	20.123
-8.6	20.114
-8.7	20.126
-8.7	20.126
-8.8	20.122
-8.8	20.12
-8.8	20.129
-8.9	20.126
-8.9	20.126
-8.9	20.126
-8.9	20.129
-8.9	20.12
-9	20.126
-9	20.126
-9	20.126
-9	20.124
-9.1	20.126
-9.1	20.12
-9.1	20.12
-9.2	20.12
-9.2	20.126
-9.3	20.121
-9.3	20.117
-9.3	20.123
-9.4	20.124
-9.4	20.124
-9.4	20.123
-9.5	20.105
-9.5	20.117
-9.5	20.115
-9.6	20.105
-9.7	20.108
-9.7	20.108
-9.8	20.12
-9.8	20.121
-9.8	20.115
-9.8	20.115
-9.9	20.117
-9.9	20.114
-9.9	20.109
-10	20.109
-10	20.117
-10	20.115
-10.1	20.113
-10.1	20.118
-10.1	20.121
-10.2	20.121
-10.2	20.124
-10.3	20.121
-10.3	20.121
-10.3	20.117
-10.3	20.118
-10.3	20.118
-10.3	20.118
-10.3	20.118
-10.4	20.118
-10.4	20.121
-10.4	20.115
-10.5	20.121
-10.5	20.121
-10.5	20.114
-10.5	20.12
-10.6	20.111
-10.6	20.111
-10.6	20.114
-10.8	20.112
-10.9	20.105
-10.9	20.117
-10.9	20.111
-11	20.111
-11	20.12
-11	20.117
-11	20.117
-11	20.114
-11	20.114
-11.1	20.111
-11.1	20.104
-11.1	20.107
-11.2	20.11
-11.2	20.114
-11.4	20.114
-11.4	20.111
-11.4	20.114
-11.4	20.108
-11.4	20.11
-11.4	20.111
-11.5	20.107
-11.6	20.111
-11.6	20.105
-11.7	20.117
-11.7	20.111
-11.7	20.114
-11.8	20.12
-11.8	20.114
-11.8	20.114
-11.8	20.111
-11.9	20.12
-11.9	20.117
-12	20.121
-12	20.121
-12	20.117
-12.1	20.117
-12.2	20.117
-12.2	20.115
-12.2	20.115
-12.3	20.112
-12.3	20.112
-12.3	20.115
-12.4	20.109
-12.4	20.112
-12.4	20.112
-12.5	20.115
-12.5	20.121
-12.5	20.115
-12.6	20.121
-12.6	20.115
-12.6	20.112
-12.6	20.112
-12.6	20.114
-12.6	20.118
-12.6	20.111
-12.8	20.115
-12.8	20.111
-12.8	20.118
-12.9	20.114
-13	20.117
-13	20.117
-13.1	20.117
-13.1	20.114
-13.1	20.117
-13.1	20.12
-13.2	20.12
-13.2	20.12
-13.2	20.117
-13.3	20.117
-13.3	20.117
-13.3	20.117
-13.4	20.114
-13.4	20.117
-13.4	20.114
-13.5	20.12
-13.5	20.116
-13.6	20.112
-13.6	20.114
-13.6	20.12
-13.7	20.12
-13.7	20.12
-13.7	20.123
-13.8	20.12
-13.8	20.12
-13.8	20.123
-13.8	20.123
-13.9	20.123
-13.9	20.123
-13.9	20.123
-13.9	20.122
-13.9	20.119
-14	20.12
-14.1	20.123
-14.1	20.12
-14.1	20.126
-14.2	20.128
-14.2	20.129
-14.2	20.129
-14.2	20.133
-14.2	20.126
-14.3	20.129
-14.3	20.133
-14.3	20.127
-14.3	20.126
-14.4	20.126
-14.4	20.129
-14.5	20.133
-14.5	20.126
-14.5	20.129
-14.5	20.133
-14.51	20.133
-14.6	20.132
-14.6	20.132
-14.6	20.132
-14.7	20.13
-14.7	20.135
-14.7	20.132
-14.8	20.133
-14.9	20.13
-14.9	20.135
-14.9	20.133
-15	20.136
-15	20.136
-15	20.133
-15.1	20.138
-15.1	20.135
-15.1	20.138
-15.1	20.133
-15.1	20.141
-15.2	20.132
-15.3	20.142
-15.3	20.147
-15.3	20.139
-15.4	20.144
-15.4	20.138
-15.4	20.142
-15.5	20.144
-15.5	20.144
-15.6	20.145
-15.6	20.139
-15.6	20.144
-15.6	20.135
-15.6	20.138
-15.6	20.142
-15.7	20.132
-15.7	20.142
-15.7	20.141
-15.8	20.138
-15.9	20.138
-15.9	20.142
-16	20.144
-16	20.141
-16	20.147
-16	20.141
-16.1	20.141
-16.1	20.144
-16.1	20.141
-16.2	20.144
-16.2	20.145
-16.2	20.145
-16.2	20.148
-16.2	20.145
-16.3	20.144
-16.3	20.145
-16.3	20.15
-16.4	20.147
-16.4	20.141
-16.4	20.15
-16.4	20.148
-16.4	20.145
-16.5	20.15
-16.5	20.151
-16.5	20.15
-16.6	20.15
-16.7	20.147
-16.7	20.15
-16.7	20.153
-16.7	20.153
-16.7	20.154
-16.8	20.147
-16.8	20.156
-16.8	20.15
-16.9	20.153
-16.9	20.159
-16.9	20.154
-17	20.162
-17	20.156
-17	20.163
-17.1	20.156
-17.1	20.163
-17.1	20.168
-17.1	20.162
-17.1	20.162
-17.1	20.165
-17.1	20.162
-17.2	20.165
-17.2	20.165
-17.2	20.162
-17.3	20.165
-17.3	20.166
-17.3	20.168
-17.3	20.173
-17.3	20.168
-17.4	20.169
-17.5	20.169
-17.5	20.17
-17.5	20.178
-17.6	20.171
-17.6	20.178
-17.6	20.181
-17.7	20.178
-17.7	20.172
-17.7	20.178
-17.7	20.176
-17.7	20.178
-17.7	20.181
-17.8	20.181
-17.8	20.172
-17.8	20.178
-17.9	20.184
-17.9	20.175
-18	20.193
-18.1	20.184
-18.1	20.181
-18.2	20.187
-18.2	20.184
-18.2	20.194
-18.3	20.187
-18.3	20.187
-18.3	20.187
-18.3	20.184
-18.3	20.185
-18.3	20.181
-18.3	20.184
-18.3	20.19
-18.3	20.193
-18.3	20.188
-18.3	20.194
-18.4	20.188
-18.5	20.188
-18.5	20.188
-18.4	20.19
-18.4	20.188
-18.4	20.191
-18.5	20.197
-18.5	20.2
-18.5	20.197
-18.6	20.196
-18.6	20.194
-18.6	20.199
-18.7	20.203
-18.7	20.2
-18.7	20.191
-18.7	20.199
-18.8	20.196
-18.8	20.199
-18.8	20.202
-18.8	20.202
-18.8	20.197
-18.9	20.193
-18.9	20.2
-18.9	20.196
-19	20.2
-19	20.205
-19	20.202
-19.1	20.196
-19.1	20.196
-19.1	20.19
-19.2	20.199
-19.2	20.196
-19.2	20.196
-19.2	20.198
-19.3	20.198
-19.3	20.202
-19.3	20.205
-19.3	20.201
-19.3	20.205
-19.3	20.202
-19.4	20.199
-19.4	20.202
-19.4	20.199
-19.4	20.193
-19.4	20.204
-19.4	20.199
-19.4	20.211
-19.5	20.214
-19.5	20.204
-19.5	20.202
-19.5	20.211
-19.6	20.211
-19.6	20.22
-19.7	20.22
-19.8	20.208
-19.8	20.214
-19.8	20.208
-19.8	20.208
-19.8	20.218
-19.9	20.214
-19.9	20.215
-19.9	20.217
-20	20.215
-20	20.212
-20	20.218
-20	20.218
-20.1	20.225
-20.1	20.209
-20.1	20.221
-20.2	20.208
-20.2	20.209
-20.2	20.202
-20.3	20.209
-20.3	20.218
-20.3	20.221
-20.3	20.218
-20.3	20.208
-20.4	20.206
-20.4	20.212
-20.4	20.209
-20.4	20.206
-20.4	20.203
-20.4	20.212
-20.4	20.215
-20.5	20.215
-20.5	20.225
-20.5	20.221
-20.5	20.209
-20.5	20.209
-20.6	20.222
-20.7	20.225
-20.7	20.219
-20.8	20.222
-20.9	20.224
-20.9	20.227
-20.9	20.224
-20.9	20.228
-20.9	20.221
-20.9	20.221
-20.9	20.233
-20.9	20.221
-20.9	20.228
-20.9	20.227
-21.1	20.224
-21.1	20.227
-21.1	20.221
-21.2	20.221
-21.3	20.218
-21.3	20.226
-21.3	20.227
-21.3	20.227
-21.3	20.23
-21.4	20.229
-21.4	20.229
-21.4	20.224
-21.4	20.233
-21.5	20.227
-21.5	20.23
-21.5	20.234
-21.6	20.236
-21.6	20.233
-21.7	20.236
-21.7	20.239
-21.7	20.239
-21.7	20.243
-21.8	20.239
-21.8	20.23
-21.8	20.233
-21.8	20.233
-21.8	20.245
-21.9	20.233
-22	20.233
-22	20.229
-22	20.232
-22.1	20.23
-22.1	20.235
-22.1	20.232
-22.1	20.23
-22.1	20.238
-22.1	20.235
-22.2	20.241
-22.2	20.238
-22.2	20.238
-22.3	20.238
-22.3	20.239
-22.3	20.238
-22.4	20.238
-22.4	20.236
-22.4	20.245
-22.4	20.248
-22.4	20.251
-22.4	20.254
-22.4	20.242
-22.4	20.248
-22.4	20.251
-22.5	20.242
-22.5	20.261
-22.6	20.248
-22.7	20.251
-22.7	20.261
-22.7	20.249
-22.7	20.252
-22.8	20.249
-22.8	20.255
-22.8	20.252
-22.9	20.249
-22.9	20.255
-22.9	20.249
-22.9	20.252
-22.9	20.249
-22.9	20.249
-23	20.245
-23	20.246
-23	20.258
-23	20.261
-23	20.258
-23	20.261
-23.1	20.258
-23.1	20.261
-23.1	20.26
-23.2	20.264
-23.3	20.261
-23.3	20.258
-23.3	20.263
-23.3	20.26
-23.3	20.262
-23.3	20.27
-23.3	20.266
-23.3	20.273
-23.4	20.27
-23.4	20.263
-23.4	20.269
-23.5	20.275
-23.5	20.272
-23.5	20.266
-23.5	20.276
-23.5	20.27
-23.5	20.27
-23.5	20.269
-23.5	20.273
-23.5	20.269
-23.6	20.273
-23.6	20.273
-23.6	20.272
-23.7	20.275
-23.7	20.276
-23.7	20.272
-23.7	20.279
-23.7	20.279
-23.7	20.285
-23.7	20.281
-23.8	20.285
-23.8	20.283
-23.8	20.285
-23.9	20.285
-23.9	20.294
-24	20.288
-24	20.289
-24	20.294
-24	20.297
-24	20.288
-24	20.288
-24.1	20.286
-24.1	20.291
-24.1	20.294
-24.1	20.291
-24.1	20.288
-24.1	20.288
-24.2	20.294
-24.2	20.294
-24.2	20.298
-24.3	20.298
-24.3	20.299
-24.3	20.3
-24.4	20.301
-24.4	20.304
-24.4	20.304
-24.4	20.301
-24.4	20.301
-24.5	20.308
-24.5	20.31
-24.5	20.31
-24.5	20.316
-24.6	20.313
-24.6	20.313
-24.6	20.31
-24.7	20.311
-24.7	20.313
-24.7	20.319
-24.7	20.319
-24.7	20.325
-24.8	20.325
-24.8	20.328
-24.8	20.34
-24.9	20.338
-24.9	20.341
-24.9	20.341
-25	20.34
-25	20.34
-25	20.34
-25.1	20.343
-25.1	20.341
-25.1	20.347
-25.1	20.349
-25.2	20.353
-25.2	20.362
-25.3	20.355
-25.3	20.359
-25.3	20.362
-25.3	20.356
-25.3	20.361
-25.3	20.365
-25.3	20.367
-25.3	20.367
-25.3	20.367
-25.3	20.373
-25.3	20.37
-25.4	20.377
-25.4	20.376
-25.4	20.373
-25.4	20.376
-25.4	20.376
-25.4	20.385
-25.5	20.379
-25.6	20.385
-25.6	20.385
-25.7	20.394
-25.7	20.395
-25.7	20.401
-25.7	20.397
-25.8	20.404
-25.8	20.407
-25.8	20.406
-25.8	20.416
-25.8	20.419
-25.9	20.416
-25.8	20.416
-25.8	20.419
-25.9	20.422
-25.9	20.426
-25.9	20.425
-25.9	20.422
-26	20.415
-26	20.428
-26	20.434
-26	20.437
-26	20.434
-26	20.434
-26.1	20.434
-26.1	20.437
-26.1	20.428
-26.1	20.434
-26.1	20.437
-26.2	20.44
-26.2	20.44
-26.2	20.446
-26.2	20.447
-26.2	20.466
-26.2	20.452
-26.3	20.458
-26.4	20.462
-26.4	20.468
-26.4	20.465
-26.4	20.464
-26.4	20.468
-26.5	20.475
-26.5	20.474
-26.5	20.477
-26.5	20.477
-26.51	20.474
-26.6	20.485
-26.6	20.505
-26.6	20.494
-26.7	20.481
-26.7	20.483
-26.7	20.49
-26.8	20.492
-26.8	20.496
-26.8	20.496
-26.8	20.505
-26.8	20.505
-26.8	20.496
-26.8	20.502
-26.8	20.5
-26.8	20.508
-26.9	20.503
-26.9	20.506
-26.9	20.512
-27	20.512
-27.1	20.519
-27.1	20.515
-27.1	20.512
-27.1	20.514
-27.1	20.518
-27.2	20.518
-27.2	20.525
-27.2	20.527
-27.2	20.54
-27.2	20.543
-27.2	20.545
-27.2	20.552
-27.2	20.549
-27.2	20.539
-27.3	20.542
-27.3	20.552
-27.3	20.531
-27.4	20.548
-27.4	20.558
-27.4	20.552
-27.4	20.539
-27.5	20.57
-27.5	20.554
-27.5	20.557
-27.5	20.558
-27.5	20.561
-27.5	20.57
-27.5	20.57
-27.5	20.563
-27.6	20.57
-27.6	20.56
-27.6	20.56
-27.6	20.563
-27.6	20.557
-27.6	20.56
-27.7	20.563
-27.7	20.56
-27.7	20.56
-27.8	20.572
-27.8	20.572
-27.8	20.569
-27.9	20.56
-27.9	20.587
-27.9	20.566
-28	20.572
-28	20.572
-28	20.566
-28.1	20.572
-28.1	20.578
-28.1	20.575
-28.1	20.59
-28.1	20.578
-28.2	20.59
-28.3	20.587
-28.3	20.581
-28.3	20.587
-28.3	20.578
-28.3	20.584
-28.3	20.586
-28.4	20.586
-28.4	20.593
-28.4	20.593
-28.4	20.605
-28.4	20.611
-28.4	20.611
-28.5	20.614
-28.5	20.602
-28.5	20.602
-28.6	20.608
-28.6	20.614
-28.5	20.621
-28.6	20.602
-28.6	20.611
-28.7	20.631
-28.7	20.639
-28.7	20.63
-28.7	20.611
-28.8	20.605
-28.8	20.612
-28.8	20.612
-28.8	20.612
-28.8	20.618
-28.8	20.626
-28.9	20.616
-28.9	20.647
-28.9	20.642
-29	20.637
-29	20.652
-29	20.64
-29.1	20.648
-29.1	20.637
-29	20.634
-29.1	20.649
-29.1	20.67
-29.1	20.658
-29.2	20.649
-29.2	20.64
-29.2	20.655
-29.2	20.654
-29.3	20.661
-29.3	20.652
-29.3	20.649
-29.3	20.643
-29.4	20.649
-29.4	20.655
-29.4	20.658
-29.5	20.658
-29.5	20.655
-29.5	20.652
-29.5	20.66
-29.5	20.655
-29.6	20.654
-29.6	20.658
-29.6	20.655
-29.6	20.652
-29.6	20.66
-29.6	20.658
-29.7	20.67
-29.7	20.657
-29.7	20.654
-29.7	20.663
-29.8	20.648
-29.8	20.655
-29.8	20.651
-29.8	20.648
-29.8	20.651
-29.8	20.651
-29.8	20.654
-29.8	20.66
-29.9	20.669
-29.9	20.676
-29.9	20.681
-30	20.689
-30	20.679
-30	20.664
-30	20.666
-30.1	20.672
-30.1	20.691
-30.2	20.697
-30.2	20.688
-30.2	20.685
-30.1	20.679
-30.1	20.676
-30.1	20.675
-30.2	20.672
-30.2	20.672
-30.2	20.672
-30.2	20.676
-30.3	20.676
-30.3	20.678
-30.3	20.688
-30.3	20.681
-30.3	20.682
-30.3	20.681
-30.3	20.688
-30.3	20.697
-30.3	20.694
-30.3	20.7
-30.4	20.7
-30.4	20.697
-30.4	20.694
-30.5	20.7
-30.5	20.7
-30.5	20.7
-30.6	20.682
-30.6	20.706
-30.6	20.715
-30.7	20.715
-30.7	20.712
-30.7	20.705
-30.7	20.699
-30.7	20.694
-30.7	20.687
-30.8	20.69
-30.8	20.691
-30.8	20.696
-30.9	20.697
-30.9	20.708
-30.9	20.697
-31	20.696
-31	20.694
-31	20.705
-31.1	20.721
-31.1	20.718
-31.1	20.719
-31.1	20.712
-31.1	20.712
-31.1	20.709
-31.1	20.709
-31.1	20.709
-31.1	20.706
-31.2	20.715
-31.3	20.731
-31.3	20.737
-31.3	20.743
-31.4	20.736
-31.4	20.737
-31.4	20.74
-31.5	20.755
-31.5	20.739
-31.5	20.746
-31.5	20.737
-31.5	20.74
-31.5	20.74
-31.5	20.737
-31.5	20.734
-31.6	20.74
-31.6	20.737
-31.6	20.743
-31.6	20.737
-31.61	20.728
-31.7	20.734
-31.7	20.722
-31.7	20.728
-31.7	20.724
-31.8	20.726
-31.8	20.73
-31.8	20.735
-31.9	20.743
-31.9	20.746
-31.9	20.748
-31.9	20.746
-31.9	20.743
-32	20.746
-32	20.749
-32	20.755
-32	20.749
-32.1	20.744
-32.1	20.738
-32.2	20.743
-32.2	20.74
-32.2	20.755
-32.3	20.764
-32.3	20.755
-32.3	20.755
-32.3	20.758
-32.3	20.758
-32.3	20.766
-32.4	20.762
-32.4	20.762
-32.4	20.761
-32.4	20.762
-32.4	20.759
-32.4	20.756
-32.4	20.753
-32.4	20.759
-32.4	20.753
-32.5	20.756
-32.5	20.753
-32.5	20.756
-32.5	20.759
-32.5	20.756
-32.5	20.762
-32.6	20.765
-32.6	20.762
-32.6	20.759
-32.7	20.756
-32.7	20.76
-32.7	20.759
-32.8	20.759
-32.8	20.756
-32.8	20.753
-32.8	20.762
-32.8	20.756
-32.8	20.756
-32.8	20.753
-32.8	20.75
-32.8	20.75
-32.9	20.758
-32.9	20.759
-32.9	20.762
-32.9	20.762
-32.9	20.762
-33	20.762
-33	20.756
-33	20.756
-33.1	20.762
-33.1	20.759
-33.1	20.762
-33.1	20.759
-33.2	20.762
-33.2	20.761
-33.2	20.762
-33.2	20.762
-33.2	20.762
-33.2	20.762
-33.3	20.767
-33.3	20.767
-33.3	20.767
-33.3	20.774
-33.3	20.777
-33.4	20.771
-33.4	20.774
-33.4	20.78
-33.4	20.78
-33.4	20.782
-33.4	20.777
-33.5	20.776
-33.5	20.774
-33.5	20.767
-33.5	20.774
-33.6	20.771
-33.6	20.771
-33.6	20.768
-33.6	20.777
-33.6	20.771
-33.7	20.78
-33.7	20.774
-33.7	20.777
-33.7	20.775
-33.8	20.774
-33.8	20.78
-33.8	20.781
-33.8	20.78
-33.8	20.778
-33.9	20.783
-33.9	20.79
-33.9	20.784
-34	20.781
-34	20.783
-34	20.79
-34	20.787
-34.1	20.784
-34.1	20.787
-34.1	20.787
-34.1	20.783
-34.1	20.79
-34.1	20.781
-34.1	20.79
-34.2	20.786
-34.2	20.784
-34.2	20.79
-34.2	20.787
-34.2	20.783
-34.2	20.79
-34.3	20.79
-34.3	20.79
-34.3	20.786
-34.3	20.786
-34.4	20.789
-34.4	20.788
-34.5	20.786
-34.5	20.784
-34.5	20.783
-34.6	20.786
-34.6	20.779
-34.6	20.78
-34.6	20.781
-34.6	20.784
-34.6	20.78
-34.7	20.786
-34.7	20.782
-34.7	20.785
-34.7	20.789
-34.8	20.785
-34.8	20.792
-34.8	20.786
-34.8	20.786
-34.8	20.789
-34.8	20.786
-34.9	20.788
-34.9	20.786
-34.9	20.792
-35	20.795
-35	20.801
-35	20.801
-35	20.801
-35	20.805
-35.1	20.801
-35.1	20.792
-35.1	20.798
-35.1	20.798
-35.1	20.798
-35.1	20.792
-35.1	20.799
-35.1	20.801
-35.1	20.802
-35.1	20.808
-35.1	20.808
-35.1	20.808
-35.2	20.802
-35.2	20.796
-35.2	20.799
-35.2	20.798
-35.2	20.802
-35.3	20.805
-35.4	20.802
-35.4	20.808
-35.4	20.805
-35.5	20.802
-35.5	20.808
-35.5	20.811
-35.5	20.809
-35.5	20.811
-35.5	20.808
-35.5	20.811
-35.5	20.808
-35.6	20.799
-35.6	20.808
-35.6	20.805
-35.6	20.805
-35.6	20.808
-35.6	20.805
-35.6	20.808
-35.7	20.811
-35.7	20.811
-35.8	20.81
-35.8	20.814
-35.8	20.814
-35.9	20.816
-35.9	20.817
-35.9	20.807
-36	20.82
-36	20.816
-36	20.813
-36.1	20.813
-36.1	20.813
-36.1	20.813
-36	20.816
-36.1	20.807
-36.1	20.808
-36.1	20.801
-36.2	20.807
-36.2	20.801
-36.2	20.81
-36.2	20.807
-36.2	20.81
-36.2	20.801
-36.3	20.803
-36.3	20.798
-36.3	20.795
-36.3	20.795
-36.3	20.795
-36.3	20.798
-36.3	20.801
-36.3	20.798
-36.4	20.798
-36.4	20.798
-36.4	20.798
-36.5	20.801
-36.5	20.804
-36.5	20.8
-36.5	20.807
-36.5	20.811
-36.6	20.802
-36.6	20.814
-36.6	20.804
-36.6	20.811
-36.7	20.812
-36.7	20.811
-36.7	20.817
-36.7	20.814
-36.7	20.82
-36.7	20.82
-36.7	20.82
-36.7	20.817
-36.8	20.811
-36.8	20.815
-36.8	20.82
-36.8	20.817
-36.8	20.814
-36.8	20.818
-36.9	20.814
-36.9	20.815
-36.9	20.814
-36.9	20.82
-37	20.817
-37	20.817
-37	20.819
-37	20.817
-37	20.821
-37	20.818
-37.1	20.82
-37.1	20.817
-37.1	20.82
-37.1	20.82
-37.1	20.817
-37.1	20.826
-37.2	20.824
-37.2	20.819
-37.2	20.82
-37.2	20.826
-37.2	20.82
-37.3	20.82
-37.3	20.823
-37.3	20.826
-37.3	20.82
-37.3	20.823
-37.3	20.824
-37.4	20.826
-37.4	20.826
-37.4	20.823
-37.4	20.829
-37.4	20.823
-37.4	20.826
-37.5	20.826
-37.5	20.823
-37.5	20.826
-37.5	20.829
-37.5	20.826
-37.6	20.823
-37.6	20.825
-37.6	20.825
-37.6	20.822
-37.7	20.82
-37.7	20.822
-37.7	20.828
-37.7	20.825
-37.7	20.822
-37.7	20.825
-37.8	20.825
-37.8	20.825
-37.7	20.826
-37.8	20.826
-37.8	20.825
-37.8	20.825
-37.9	20.825
-37.9	20.822
-37.9	20.822
-37.9	20.825
-37.9	20.819
-38	20.822
-38	20.825
-38	20.826
-37.9	20.819
-38	20.828
-38	20.834
-38	20.829
-38	20.835
-38	20.826
-38.1	20.829
-38.1	20.828
-38.1	20.829
-38.1	20.832
-38.2	20.826
-38.2	20.832
-38.2	20.829
-38.3	20.833
-38.3	20.832
-38.3	20.832
-38.3	20.832
-38.3	20.829
-38.3	20.829
-38.3	20.835
-38.3	20.829
-38.3	20.83
-38.4	20.829
-38.4	20.827
-38.4	20.827
-38.5	20.823
-38.5	20.826
-38.6	20.829
-38.6	20.817
-38.6	20.823
-38.7	20.817
-38.7	20.811
-38.7	20.814
-38.7	20.82
-38.7	20.817
-38.7	20.817
-38.8	20.814
-38.8	20.817
-38.8	20.82
-38.8	20.82
-38.8	20.816
-38.8	20.813
-38.8	20.814
-38.8	20.82
-38.8	20.821
-38.8	20.817
-38.8	20.817
-38.9	20.819
-38.9	20.817
-38.9	20.829
-38.9	20.824
-38.9	20.823
-38.9	20.82
-38.9	20.823
-39	20.827
-39	20.829
-39	20.829
-39	20.829
-39	20.826
-39.1	20.83
-39.1	20.833
-39.1	20.829
-39.2	20.832
-39.2	20.831
-39.2	20.832
-39.2	20.832
-39.2	20.829
-39.2	20.826
-39.2	20.832
-39.3	20.827
-39.3	20.832
-39.3	20.832
-39.3	20.832
-39.3	20.835
-39.3	20.832
-39.4	20.825
-39.4	20.828
-39.4	20.828
-39.5	20.828
-39.5	20.828
-39.5	20.825
-39.5	20.825
-39.5	20.822
-39.5	20.822
-39.6	20.826
-39.6	20.825
-39.6	20.825
-39.6	20.819
-39.6	20.822
-39.7	20.819
-39.7	20.816
-39.7	20.819
-39.8	20.819
-39.8	20.813
-39.8	20.816
-39.8	20.81
-39.8	20.807
-39.8	20.804
-39.8	20.801
-39.8	20.801
-39.8	20.8
-39.8	20.795
-39.8	20.801
-39.9	20.804
-40	20.804
-40	20.798
-40	20.798
-40.1	20.801
-40.1	20.801
-40.1	20.798
-40.1	20.797
-40.1	20.804
-40.1	20.794
-40.1	20.795
-40.1	20.798
-40.2	20.801
-40.2	20.801
-40.2	20.801
-40.2	20.798
-40.2	20.801
-40.2	20.807
-40.2	20.806
-40.3	20.797
-40.3	20.804
-40.4	20.804
-40.4	20.801
-40.4	20.801
-40.4	20.807
-40.4	20.801
-40.4	20.803
-40.4	20.804
-40.5	20.807
-40.5	20.805
-40.5	20.807
-40.6	20.799
-40.6	20.801
-40.6	20.8
-40.6	20.801
-40.6	20.807
-40.6	20.804
-40.6	20.815
-40.6	20.804
-40.6	20.801
-40.7	20.801
-40.7	20.807
-40.8	20.807
-40.8	20.795
-40.8	20.807
-40.9	20.801
-40.9	20.797
-40.9	20.8
-40.9	20.803
-40.9	20.798
-40.9	20.804
-40.9	20.8
-40.9	20.801
-40.9	20.801
-40.9	20.799
-40.9	20.795
-40.9	20.8
-40.9	20.795
-40.9	20.795
-41	20.805
-41	20.798
-41	20.792
-41	20.798
-41	20.8
-41	20.806
-41.1	20.795
-41.1	20.795
-41.1	20.799
-41.2	20.801
-41.2	20.798
-41.2	20.793
-41.2	20.798
-41.2	20.801
-41.2	20.798
-41.2	20.807
-41.2	20.807
-41.2	20.798
-41.3	20.801
-41.4	20.801
-41.4	20.804
-41.4	20.806
-41.4	20.799
-41.4	20.81
-41.4	20.813
-41.5	20.813
-41.5	20.81
-41.5	20.819
-41.5	20.812
-41.5	20.819
-41.5	20.816
-41.5	20.819
-41.5	20.816
-41.5	20.818
-41.5	20.82
-41.5	20.819
-41.6	20.816
-41.6	20.813
-41.6	20.819
-41.6	20.822
-41.6	20.822
-41.6	20.819
-41.6	20.826
-41.6	20.819
-41.6	20.822
-41.6	20.822
-41.6	20.824
-41.7	20.822
-41.7	20.816
-41.7	20.825
-41.8	20.822
-41.8	20.819
-41.8	20.822
-41.9	20.819
-41.9	20.819
-41.9	20.823
-41.9	20.816
-41.9	20.816
-41.9	20.819
-41.9	20.819
-41.9	20.819
-41.9	20.81
-42	20.813
-42	20.816
-42	20.816
-42.1	20.813
-42.1	20.813
-42.1	20.813
-42.1	20.813
-42.2	20.817
-42.2	20.816
-42.2	20.81
-42.2	20.81
-42.2	20.81
-42.3	20.816
-42.3	20.81
-42.3	20.81
-42.3	20.81
-42.3	20.81
-42.3	20.811
-42.4	20.81
-42.4	20.813
-42.4	20.81
-42.5	20.816
-42.5	20.807
-42.5	20.813
-42.5	20.816
-42.5	20.816
-42.5	20.819
-42.5	20.819
-42.5	20.816
-42.5	20.821
-42.6	20.819
-42.6	20.819
-42.6	20.819
-42.6	20.822
-42.6	20.825
-42.6	20.825
-42.6	20.823
-42.6	20.822
-42.7	20.819
-42.7	20.822
-42.7	20.819
-42.7	20.825
-42.7	20.822
-42.7	20.822
-42.7	20.822
-42.8	20.819
-42.8	20.819
-42.8	20.822
-42.8	20.822
-42.8	20.819
-42.9	20.822
-42.9	20.819
-42.9	20.819
-42.9	20.818
-42.9	20.819
-42.9	20.816
-43	20.813
-43	20.814
-43	20.816
-43	20.81
-43	20.807
-43	20.807
-43.1	20.81
-43.1	20.8
-43.1	20.808
-43.1	20.81
-43.1	20.807
-43.1	20.808
-43.1	20.807
-43.2	20.809
-43.2	20.81
-43.2	20.807
-43.2	20.808
-43.2	20.804
-43.2	20.81
-43.2	20.81
-43.2	20.807
-43.2	20.81
-43.2	20.81
-43.2	20.807
-43.2	20.807
-43.3	20.807
-43.3	20.81
-43.3	20.803
-43.3	20.81
-43.3	20.804
-43.3	20.81
-43.3	20.81
-43.3	20.81
-43.3	20.813
-43.4	20.813
-43.4	20.816
-43.4	20.814
-43.4	20.813
-43.4	20.813
-43.4	20.81
-43.4	20.813
-43.4	20.81
-43.4	20.813
-43.4	20.81
-43.5	20.813
-43.5	20.816
-43.5	20.816
-43.5	20.813
-43.5	20.819
-43.5	20.813
-43.5	20.813
-43.5	20.813
-43.5	20.816
-43.6	20.816
-43.6	20.816
-43.6	20.816
-43.6	20.816
-43.7	20.81
-43.7	20.81
-43.7	20.819
-43.7	20.816
-43.7	20.816
-43.7	20.819
-43.8	20.819
-43.8	20.816
-43.8	20.819
-43.8	20.819
-43.8	20.816
-43.9	20.819
-43.9	20.816
-43.9	20.819
-43.9	20.813
-43.9	20.813
-43.9	20.82
-44	20.82
-44	20.816
-44	20.819
-44	20.819
-44.1	20.819
-44.1	20.819
-44.1	20.819
-44.1	20.816
-44.1	20.816
-44.1	20.819
-44.2	20.82
-44.2	20.819
-44.2	20.826
-44.2	20.819
-44.2	20.819
-44.2	20.819
-44.3	20.822
-44.3	20.819
-44.3	20.822
-44.3	20.822
-44.3	20.819
-44.4	20.819
-44.4	20.822
-44.4	20.822
-44.4	20.819
-44.4	20.825
-44.4	20.819
-44.4	20.822
-44.4	20.819
-44.4	20.822
-44.4	20.823
-44.4	20.822
-44.4	20.825
-44.5	20.822
-44.5	20.819
-44.6	20.822
-44.5	20.821
-44.5	20.819
-44.6	20.819
-44.6	20.819
-44.6	20.819
-44.6	20.818
-44.7	20.816
-44.7	20.816
-44.7	20.813
-44.7	20.822
-44.7	20.819
-44.8	20.819
-44.8	20.819
-44.8	20.819
-44.8	20.816
-44.8	20.816
-44.8	20.82
-44.8	20.816
-44.9	20.82
-44.9	20.823
-44.9	20.817
-44.9	20.815
-44.9	20.82
-44.9	20.82
-44.9	20.82
-44.9	20.82
-44.9	20.819
-45	20.817
-45	20.817
-45	20.82
-45.1	20.82
-45.1	20.821
-45.1	20.814
-45.1	20.817
-45.1	20.82
-45.2	20.814
-45.2	20.817
-45.2	20.817
-45.4	20.817
-45.5	20.817
-45.5	20.817
-45.7	20.814
-45.7	20.811
-45.9	20.817
-46	20.816
-46	20.817
-46.1	20.813
-46.3	20.813
-46.3	20.81
-46.4	20.812
-46.5	20.813
-46.5	20.813
-46.6	20.81
-46.7	20.816
-46.7	20.807
-46.8	20.81
-46.9	20.813
-46.9	20.813
-47	20.816
-47.2	20.816
-47.2	20.816
-47.4	20.813
-47.5	20.819
-47.5	20.813
-47.7	20.816
-47.8	20.822
-47.8	20.816
-47.9	20.819
-48.1	20.819
-48.1	20.82
-48.1	20.819
-48.2	20.82
-48.2	20.822
-48.2	20.819
-48.3	20.822
-48.3	20.823
-48.4	20.822
-48.5	20.823
-48.5	20.823
-48.6	20.82
-48.8	20.823
-48.8	20.82
-48.9	20.823
-49	20.826
-49	20.82
-49.1	20.829
-49.2	20.826
-49.2	20.826
-49.2	20.826
-49.3	20.824
-49.3	20.823
-49.4	20.823
-49.4	20.826
-49.4	20.826
-49.5	20.829
-49.6	20.826
-49.6	20.823
-49.7	20.824
-49.7	20.829
-49.7	20.826
-49.8	20.826
-49.8	20.832
-49.9	20.823
-50	20.826
-50	20.829
-50.1	20.829
-50.1	20.826
-50.1	20.829
-50.2	20.827
-50.2	20.829
-50.2	20.826
-50.3	20.829
-50.4	20.829
-50.4	20.82
-50.5	20.829
-50.5	20.829
-50.5	20.826
-50.6	20.826
-50.6	20.826
-50.6	20.82
-50.7	20.826
-50.7	20.823
-50.7	20.828
-50.8	20.826
-50.9	20.829
-50.9	20.829
-50.9	20.829
-51	20.829
-51	20.826
-51.1	20.829
-51.1	20.829
-51.1	20.835
-51.2	20.829
-51.2	20.827
-51.2	20.832
-51.3	20.829
-51.3	20.825
-51.3	20.822
-51.3	20.83
-51.4	20.829
-51.4	20.829
-51.4	20.828
-51.5	20.828
-51.5	20.825
-51.5	20.835
-51.6	20.831
-51.6	20.834
-51.6	20.835
-51.7	20.831
-51.7	20.828
-51.7	20.831
-51.8	20.828
-51.8	20.831
-51.8	20.829
-51.81	20.828
-51.9	20.835
-51.9	20.831
-51.9	20.828
-52	20.831
-52.1	20.828
-52.1	20.828
-52.2	20.834
-52.2	20.831
-52.2	20.827
-52.3	20.828
-52.3	20.829
-52.3	20.828
-52.3	20.828
-52.4	20.828
-52.4	20.828
-52.4	20.831
-52.5	20.828
-52.5	20.828
-52.5	20.822
-52.7	20.825
-52.7	20.825
-52.7	20.831
-52.8	20.819
-52.8	20.828
-52.8	20.832
-52.7	20.828
-52.7	20.831
-52.7	20.828
-52.8	20.828
-52.8	20.831
-52.8	20.825
-53	20.828
-53	20.828
-53.1	20.828
-53.1	20.822
-53.1	20.822
-53.3	20.832
-53.3	20.825
-53.3	20.828
-53.4	20.828
-53.4	20.828
-53.4	20.831
-53.5	20.828
-53.6	20.828
-53.6	20.828
-53.6	20.831
-53.7	20.832
-53.7	20.828
-53.6	20.832
-53.7	20.829
-53.7	20.835
-53.8	20.832
-53.9	20.828
-53.9	20.825
-53.9	20.831
-54	20.828
-54	20.832
-54	20.832
-54.01	20.829
-54.1	20.828
-54.1	20.831
-54.1	20.831
-54.1	20.831
-54.2	20.828
-54.2	20.834
-54.2	20.829
-54.3	20.831
-54.3	20.829
-54.3	20.828
-54.3	20.834
-54.3	20.828
-54.4	20.834
-54.4	20.834
-54.4	20.828
-54.5	20.832
-54.7	20.828
-54.7	20.828
-54.7	20.832
-54.8	20.831
-54.8	20.831
-54.8	20.831
-54.9	20.831
-54.9	20.832
-54.9	20.831
-54.9	20.835
-54.9	20.831
-54.9	20.832
-55	20.831
-55	20.831
-55.1	20.831
-55.2	20.829
-55.2	20.831
-55.2	20.835
-55.3	20.835
-55.3	20.832
-55.3	20.835
-55.4	20.831
-55.4	20.835
-55.5	20.832
-55.5	20.833
-55.5	20.832
-55.6	20.835
-55.6	20.829
-55.6	20.837
-55.6	20.832
-55.6	20.835
-55.6	20.832
-55.6	20.836
-55.7	20.832
-55.7	20.829
-55.8	20.829
-55.9	20.829
-55.9	20.832
-56	20.833
-56.1	20.832
-56.1	20.833
-56.2	20.832
-56.2	20.835
-56.2	20.832
-56.3	20.832
-56.3	20.832
-56.3	20.829
-56.4	20.832
-56.4	20.832
-56.4	20.829
-56.4	20.835
-56.4	20.836
-56.4	20.835
-56.4	20.836
-56.4	20.833
-56.5	20.832
-56.5	20.829
-56.5	20.835
-56.5	20.832
-56.6	20.829
-56.6	20.835
-56.6	20.832
-56.6	20.835
-56.6	20.835
-56.6	20.832
-56.6	20.829
-56.6	20.832
-56.7	20.835
-56.8	20.835
-56.8	20.833
-56.8	20.835
-56.9	20.838
-56.9	20.838
-56.9	20.835
-56.9	20.835
-56.9	20.838
-57	20.834
-57.1	20.835
-57.1	20.835
-57.2	20.838
-57.2	20.838
-57.2	20.835
-57.2	20.834
-57.3	20.834
-57.3	20.838
-57.3	20.838
-57.4	20.838
-57.4	20.838
-57.4	20.838
-57.5	20.841
-57.5	20.838
-57.6	20.838
-57.6	20.838
-57.6	20.838
-57.6	20.834
-57.6	20.837
-57.6	20.844
-57.6	20.844
-57.6	20.844
-57.7	20.84
-57.9	20.844
-57.9	20.837
-58	20.837
-58.1	20.837
-58.1	20.84
-58.2	20.834
-58.2	20.84
-58.2	20.834
-58.3	20.835
-58.3	20.837
-58.3	20.844
-58.3	20.841
-58.3	20.84
-58.3	20.838
-58.3	20.84
-58.3	20.844
-58.3	20.838
-58.4	20.838
-58.5	20.837
-58.5	20.838
-58.5	20.847
-58.5	20.841
-58.5	20.841
-58.5	20.841
-58.6	20.838
-58.6	20.844
-58.6	20.838
-58.7	20.841
-58.7	20.842
-58.8	20.842
-58.9	20.844
-58.9	20.843
-58.9	20.842
-58.9	20.848
-58.9	20.846
-58.9	20.851
-58.9	20.842
-58.9	20.846
-58.9	20.845
-59	20.842
-59	20.848
-59	20.842
-59.1	20.847
-59.1	20.848
-59.1	20.845
-59.1	20.847
-59.1	20.851
-59.1	20.847
-59.2	20.853
-59.2	20.85
-59.2	20.847
-59.3	20.85
-59.3	20.854
-59.3	20.847
-59.3	20.846
-59.4	20.85
-59.5	20.847
-59.5	20.85
-59.5	20.853
-59.6	20.85
-59.6	20.85
-59.6	20.853
-59.6	20.856
-59.6	20.851
-59.7	20.853
-59.7	20.85
-59.7	20.849
-59.8	20.85
-59.9	20.847
-59.9	20.846
-60	20.85
-60.1	20.85
-60.1	20.846
-59.9	20.849
-59.8	20.85
-59.8	20.856
-59.7	20.858
-59.7	20.856
-59.7	20.856
-59.8	20.853
-59.8	20.847
-59.8	20.838
-59.8	20.832
-59.7	20.829
-59.7	20.828
-59.8	20.816
-59.8	20.825
-59.8	20.825
-59.8	20.828
-59.8	20.838
-59.8	20.838
-59.8	20.846
-59.8	20.84
-59.8	20.843
-59.9	20.847
-60	20.846
-60	20.844
-60	20.834
-60	20.847
-60	20.831
-59.9	20.831
-59.9	20.825
-59.9	20.813
-59.9	20.819
-59.9	20.831
-59.9	20.844
-59.9	20.837
-59.9	20.844
-59.9	20.85
-60	20.844
-60.1	20.838
-60.1	20.838
-60.1	20.816
-60.1	20.809
-59.9	20.81
-59.8	20.819
-59.8	20.822
-59.7	20.825
-59.7	20.822
-59.7	20.822
-59.7	20.819
-59.7	20.828
-59.7	20.819
-59.8	20.837
-59.7	20.837
-59.7	20.813
-59.7	20.81
-59.7	20.823
-59.7	20.843
-59.7	20.834
-59.8	20.828
-59.8	20.813
-59.8	20.813
-59.9	20.816
-59.9	20.829
-59.9	20.834
-60	20.819
-60	20.825
-60.1	20.817
-60	20.82
-60	20.816
-59.9	20.803
-59.8	20.795
-59.8	20.812
-59.9	20.834
-59.9	20.822
-59.9	20.816
-59.9	20.803
-59.9	20.796
-59.9	20.82
-60	20.839
-60	20.81
-60	20.801
-60	20.821
-59.9	20.82
-59.9	20.833
-59.8	20.81
-59.8	20.807
-59.8	20.807
-59.9	20.818
-59.9	20.817
-59.9	20.818
-59.8	20.824
-59.8	20.835
-59.8	20.854
-59.8	20.846
-59.9	20.832
-59.9	20.848
-59.9	20.838
-59.9	20.832
-59.9	20.846
-60	20.841
-60	20.848
-60.1	20.862
-60	20.835
-60	20.848
-59.8	20.838
-59.8	20.832
-59.8	20.835
-59.9	20.86
-59.9	20.832
-59.9	20.842
-60	20.859
-60	20.856
-60	20.875
-59.9	20.877
-59.9	20.851
-59.9	20.849
-59.9	20.857
-59.8	20.857
-59.8	20.871
-59.9	20.857
-59.8	20.854
-59.8	20.848
-59.8	20.842
-59.8	20.863
-59.8	20.86
-59.8	20.876
-59.9	20.854
-59.9	20.864
-60	20.851
-60.1	20.843
-60.1	20.841
-60.1	20.848
-59.9	20.826
-59.9	20.829
-59.8	20.814
-59.8	20.823
-59.8	20.815
-59.8	20.82
-59.8	20.82
-59.8	20.808
-59.8	20.82
-59.8	20.817
-59.8	20.82
-59.8	20.823
-59.9	20.829
-59.9	20.826
-59.9	20.829
-59.9	20.844
-59.9	20.848
-60	20.853
-60	20.847
-60	20.872
-60.1	20.865
-60	20.85
-60	20.856
-59.9	20.859
-59.9	20.859
-59.8	20.838
-59.9	20.841
-59.9	20.835
-59.9	20.841
-60	20.841
-60	20.831
-60	20.85
-60	20.853
-60	20.856
-59.9	20.859
-59.8	20.84
-59.8	20.858
-59.7	20.838
-59.7	20.835
-59.7	20.837
-59.5	20.832
-59.4	20.831
-59.4	20.825
-59.2	20.841
-59.1	20.847
-59.1	20.825
-58.9	20.834
-58.8	20.831
-58.8	20.831
-58.6	20.813
-58.5	20.826
-58.5	20.822
-58.3	20.812
-58.2	20.816
-58.2	20.828
-58	20.824
-57.9	20.822
-57.9	20.838
-57.7	20.828
-57.6	20.822
-57.6	20.825
-57.5	20.84
-57.3	20.85
-57.3	20.834
-57.2	20.83
-57.1	20.841
-57.1	20.824
-56.9	20.847
-56.8	20.837
-56.8	20.846
-56.7	20.831
-56.6	20.848
-56.6	20.841
-56.5	20.838
-56.4	20.85
-56.4	20.849
-56.3	20.841
-56.1	20.836
-56.1	20.841
-56	20.842
-56	20.853
-56	20.846
-55.9	20.841
-55.9	20.843
-55.8	20.85
-55.7	20.849
-55.7	20.841
-55.6	20.836
-55.5	20.84
-55.5	20.833
-55.4	20.844
-55.3	20.848
-55.3	20.85
-55.2	20.841
-55.1	20.85
-55.1	20.852
-55	20.828
-54.9	20.858
-54.9	20.838
-54.8	20.862
-54.7	20.831
-54.7	20.85
-54.5	20.857
-54.4	20.853
-54.4	20.838
-54.3	20.841
-54.2	20.835
-54.2	20.844
-54	20.844
-53.9	20.862
-53.9	20.862
-53.8	20.857
-53.6	20.842
-53.6	20.853
-53.4	20.859
-53.3	20.841
-53.3	20.85
-53.2	20.856
-53	20.871
-53	20.85
-52.8	20.859
-52.7	20.874
-52.7	20.861
-52.5	20.864
-52.3	20.864
-52.3	20.862
-52.2	20.856
-52	20.862
-52	20.853
-51.8	20.856
-51.7	20.856
-51.7	20.862
-51.5	20.865
-51.3	20.859
-51.3	20.868
-51.1	20.862
-51.09	20.865
-51	20.871
-50.8	20.865
-50.8	20.856
-50.6	20.867
-50.4	20.871
-50.4	20.864
-50.3	20.874
-50.1	20.853
-50.1	20.853
-50	20.871
-49.8	20.889
-49.8	20.873
-49.6	20.871
-49.5	20.877
-49.5	20.874
-49.4	20.862
-49.2	20.867
-49.2	20.889
-49.1	20.877
-48.9	20.862
-48.9	20.85
-48.7	20.849
-48.5	20.837
-48.5	20.832
-48.4	20.853
-48.2	20.838
-48.2	20.857
-48.1	20.876
-47.9	20.886
-47.9	20.871
-47.7	20.871
-47.5	20.857
-47.5	20.868
-47.4	20.844
-47.3	20.856
-47.3	20.849
-47.1	20.874
-46.9	20.853
-46.9	20.874
-46.8	20.874
-46.6	20.883
-46.6	20.873
-46.4	20.876
-46.2	20.886
-46.2	20.883
-46	20.876
-45.9	20.858
-45.9	20.868
-45.7	20.887
-45.6	20.883
-45.6	20.898
-45.4	20.898
-45.3	20.887
-45.3	20.864
-45.1	20.868
-44.9	20.88
-44.9	20.895
-44.7	20.902
-44.7	20.914
-44.6	20.89
-44.4	20.883
-44.4	20.887
-44.2	20.865
-44.1	20.86
-44.1	20.874
-43.9	20.871
-43.7	20.871
-43.7	20.864
-43.6	20.859
-43.4	20.856
-43.4	20.87
-43.3	20.876
-43.1	20.889
-43.1	20.889
-43	20.883
-42.8	20.871
-42.8	20.869
-42.6	20.839
-42.4	20.819
-42.4	20.833
-42.3	20.831
-42.1	20.847
-42.1	20.84
-41.9	20.847
-41.7	20.832
-41.7	20.823
-41.6	20.834
-41.4	20.846
-41.4	20.836
-41.2	20.856
-41	20.856
-41	20.845
-40.8	20.865
-40.7	20.854
-40.7	20.853
-40.6	20.856
-40.4	20.869
-40.4	20.864
-40.2	20.862
-40	20.859
-40	20.868
-39.8	20.884
-39.7	20.884
-39.7	20.902
-39.5	20.888
-39.3	20.886
-39.3	20.893
-39.1	20.89
-39	20.887
-39	20.894
-38.8	20.905
-38.6	20.899
-38.6	20.897
-38.4	20.903
-38.3	20.903
-38.3	20.909
-38.1	20.89
-38.1	20.884
-38	20.875
-37.8	20.857
-37.8	20.848
-37.6	20.854
-37.4	20.847
-37.4	20.835
-37.3	20.832
-37.1	20.853
-37.1	20.866
-36.9	20.856
-36.7	20.857
-36.7	20.857
-36.6	20.865
-36.4	20.853
-36.4	20.856
-36.2	20.86
-36	20.865
-36	20.847
-35.8	20.85
-35.7	20.835
-35.7	20.858
-35.5	20.831
-35.3	20.834
-35.3	20.832
-35.2	20.831
-35	20.825
-35	20.831
-34.8	20.825
-34.7	20.828
-34.7	20.821
-34.5	20.831
-34.3	20.821
-34.3	20.819
-34.2	20.811
-34	20.817
-34	20.819
-33.8	20.831
-33.6	20.81
-33.6	20.813
-33.4	20.822
-33.2	20.831
-33.2	20.834
-33.1	20.835
-32.8	20.834
-32.8	20.829
-32.7	20.828
-32.5	20.84
-32.5	20.817
-32.3	20.832
-32.1	20.789
-32.1	20.819
-32	20.836
-31.8	20.829
-31.8	20.823
-31.6	20.834
-31.6	20.82
-31.4	20.832
-31.2	20.848
-31.2	20.852
-31.1	20.857
-30.9	20.851
-30.9	20.853
-30.7	20.854
-30.5	20.851
-30.5	20.855
-30.3	20.849
-30.1	20.866
-30.1	20.851
-30	20.86
-29.8	20.863
-29.8	20.869
-29.6	20.855
-29.4	20.864
-29.4	20.856
-29.2	20.867
-29	20.863
-29	20.854
-28.8	20.854
-28.7	20.832
-28.7	20.845
-28.5	20.826
-28.3	20.807
-28.3	20.819
-28.1	20.813
-28	20.792
-28	20.793
-27.8	20.777
-27.6	20.792
-27.6	20.79
-27.4	20.789
-27.2	20.809
-27.2	20.82
-27	20.789
-26.8	20.789
-26.8	20.786
-26.6	20.801
-26.5	20.801
-26.5	20.81
-26.3	20.814
-26.1	20.798
-26.1	20.804
-25.9	20.804
-25.7	20.803
-25.7	20.801
-25.5	20.795
-25.4	20.795
-25.4	20.807
-25.2	20.782
-25	20.795
-25	20.782
-24.9	20.785
-24.88	20.761
-24.7	20.752
-24.5	20.759
-24.5	20.76
-24.4	20.751
-24.2	20.758
-24.2	20.757
-24	20.757
-23.8	20.755
-23.8	20.742
-23.7	20.743
-23.4	20.758
-23.4	20.767
-23.3	20.752
-23.1	20.751
-23.1	20.76
-22.9	20.773
-22.8	20.773
-22.8	20.782
-22.6	20.761
-22.4	20.758
-22.4	20.761
-22.2	20.758
-22	20.752
-22	20.761
-21.8	20.743
-21.7	20.745
-21.7	20.745
-21.5	20.74
-21.3	20.719
-21.3	20.745
-21.1	20.734
-20.9	20.727
-20.9	20.737
-20.8	20.74
-20.6	20.734
-20.6	20.743
-20.4	20.751
-20.1	20.74
-20.1	20.735
-20	20.732
-19.8	20.74
-19.8	20.736
-19.6	20.737
-19.4	20.728
-19.4	20.722
-19.2	20.722
-19	20.734
-19	20.727
-18.8	20.731
-18.6	20.716
-18.6	20.706
-18.3	20.707
-18.1	20.722
-18.1	20.703
-18	20.7
-17.98	20.69
-17.8	20.712
-17.6	20.706
-17.6	20.693
-17.4	20.697
-17.2	20.683
-17.2	20.684
-17.1	20.666
-16.9	20.666
-16.9	20.691
-16.7	20.666
-16.5	20.674
-16.5	20.666
-16.3	20.688
-16.1	20.668
-16.1	20.666
-16	20.658
-15.8	20.67
-15.8	20.671
-15.6	20.676
-15.5	20.678
-15.5	20.691
-15.3	20.691
-15.1	20.676
-15.1	20.692
-14.9	20.688
-14.7	20.682
-14.7	20.688
-14.5	20.666
-14.3	20.675
-14.3	20.661
-14.1	20.661
-13.9	20.652
-13.9	20.651
-13.7	20.655
-13.6	20.645
-13.6	20.625
-13.3	20.649
-13.1	20.652
-13.1	20.637
-12.9	20.642
-12.8	20.637
-12.8	20.642
-12.6	20.63
-12.4	20.652
-12.4	20.643
-12.1	20.636
-12	20.64
-12	20.627
-11.8	20.637
-11.6	20.646
-11.6	20.612
-11.4	20.619
-11.3	20.628
-11.3	20.612
-11.1	20.618
-10.9	20.622
-10.9	20.627
-10.7	20.627
-10.7	20.612
-10.5	20.621
-10.3	20.603
-10.3	20.597
-10.1	20.603
-9.9	20.6
-9.9	20.584
-9.7	20.594
-9.4	20.594
-9.4	20.594
-9.2	20.597
-9	20.596
-9	20.614
-8.8	20.621
-8.6	20.609
-8.6	20.582
-8.4	20.569
-8.2	20.587
-8.2	20.596
-8	20.593
-7.8	20.588
-7.8	20.578
-7.7	20.586
-7.4	20.584
-7.4	20.581
-7.2	20.584
-7	20.584
-7	20.587
-6.8	20.581
-6.7	20.571
-6.7	20.557
-6.5	20.547
-6.3	20.575
-6.3	20.559
-6.1	20.566
-6	20.55
-6	20.55
-5.8	20.541
-5.5	20.545
-5.5	20.541
-5.4	20.539
-5.2	20.548
-5.2	20.541
-5	20.545
-4.8	20.542
-4.8	20.532
-4.6	20.544
-4.3	20.535
-4.3	20.535
-4.2	20.538
-4	20.531
-4	20.52
0	20.509
-3.6	20.514
-3.6	20.514
-3.5	20.504
-3.48	20.502
-3.3	20.502
-3.1	20.504
-3.1	20.505
-2.9	20.512
-2.7	20.493
-2.7	20.5
-2.5	20.496
-2.3	20.484
-2.3	20.496
-2.1	20.49
-1.9	20.484
-1.9	20.499
-1.7	20.49
-1.5	20.498
-1.5	20.499
0	20.499
-1	20.493
-1	20.478
-0.8	20.479
-0.7	20.465
-0.7	20.459
-0.5	20.454
-0.3	20.454
-0.3	20.448
-0.1	20.435
0.1	20.444
0.1	20.431
0.2	20.413
0.4	20.429
0.4	20.426
0.6	20.42
0.7	20.417
0.7	20.43
0.9	20.437
1	20.432
1	20.431
1.2	20.421
1.4	20.422
1.4	20.421
1.6	20.413
1.8	20.388
1.8	20.381
2	20.377
2.2	20.391
2.2	20.394
2.4	20.41
2.6	20.404
2.6	20.406
2.7	20.401
2.9	20.382
2.9	20.363
3.1	20.345
3.3	20.352
3.3	20.354
3.5	20.333
3.7	20.338
3.7	20.349
3.9	20.355
3.9	20.345
4.1	20.348
4.4	20.357
4.4	20.342
4.5	20.333
4.7	20.336
4.7	20.324
4.9	20.321
5	20.306
5	20.313
5.2	20.309
5.4	20.301
5.4	20.282
5.5	20.31
5.8	20.3
5.8	20.306
6	20.304
6.2	20.285
6.2	20.27
6.4	20.276
6.6	20.27
6.6	20.261
6.8	20.239
7	20.239
7	20.224
7.1	20.224
7.3	20.214
7.3	20.205
7.4	20.212
7.6	20.205
7.6	20.193
7.8	20.202
8.1	20.19
8.1	20.181
8.3	20.178
8.4	20.183
8.4	20.19
8.6	20.189
8.8	20.19
8.8	20.192
9	20.186
9.2	20.168
9.2	20.165
9.3	20.165
9.5	20.153
9.5	20.162
9.7	20.147
9.9	20.159
9.9	20.156
10.1	20.152
10.3	20.156
10.3	20.15
10.5	20.15
10.6	20.144
10.6	20.147
10.8	20.153
11	20.15
11	20.144
11.2	20.137
11.2	20.13
11.4	20.132
11.6	20.131
11.6	20.124
11.8	20.123
12.1	20.127
12.1	20.138
12.3	20.136
12.4	20.116
12.4	20.132
12.6	20.139
12.8	20.141
12.8	20.129
13	20.133
13.2	20.126
13.2	20.126
13.3	20.11
13.5	20.118
13.5	20.122
13.7	20.129
13.9	20.122
13.9	20.125
14.2	20.116
14.4	20.104
14.4	20.101
14.6	20.098
14.8	20.101
14.8	20.104
14.9	20.107
15.1	20.11
15.1	20.113
15.4	20.119
15.6	20.125
15.6	20.128
15.8	20.129
15.9	20.128
15.9	20.132
16.1	20.126
16.3	20.122
16.3	20.116
16.4	20.107
16.6	20.103
16.6	20.098
16.8	20.093
17	20.092
17	20.089
17.1	20.085
17.3	20.092
17.3	20.091
17.4	20.098
17.6	20.091
17.6	20.095
17.8	20.089
18	20.092
18	20.092
18.1	20.091
18.1	20.092
18.3	20.089
18.5	20.083
18.5	20.085
18.7	20.089
18.9	20.089
18.9	20.095
19.1	20.101
19.3	20.101
19.3	20.104
19.5	20.11
19.8	20.107
19.8	20.107
20.1	20.104
20.2	20.098
20.2	20.101
20.4	20.095
20.6	20.092
20.6	20.083
20.8	20.086
20.9	20.089
20.9	20.083
21.2	20.083
21.4	20.077
21.4	20.071
21.6	20.07
21.7	20.071
21.7	20.071
21.9	20.071
22.2	20.058
22.2	20.064
22.4	20.061
22.6	20.064
22.6	20.074
22.8	20.083
22.9	20.083
22.9	20.07
23.1	20.08
23.3	20.086
23.3	20.089
23.6	20.086
23.8	20.083
23.8	20.086
24	20.086
24.1	20.083
24.1	20.08
24.3	20.083
24.5	20.08
24.5	20.083
24.7	20.08
24.9	20.083
24.9	20.083
25	20.082
25.2	20.08
25.2	20.08
25.4	20.071
25.4	20.071
25.6	20.074
25.8	20.07
25.8	20.068
26	20.062
26.2	20.068
26.2	20.074
26.4	20.081
26.5	20.083
26.5	20.087
26.6	20.077
26.9	20.084
26.9	20.081
27	20.071
27.2	20.065
27.2	20.07
27.4	20.069
27.6	20.087
27.6	20.09
27.9	20.088
28.1	20.093
28.1	20.106
28.3	20.114
28.5	20.114
28.5	20.114
28.7	20.114
28.9	20.108
28.9	20.117
29	20.127
29.2	20.12
29.2	20.114
29.4	20.114
29.6	20.108
29.6	20.092
29.8	20.09
30	20.086
30	20.083
30.1	20.086
30.3	20.086
30.3	20.089
30.5	20.086
30.7	20.089
30.7	20.084
30.9	20.086
31.1	20.089
31.1	20.089
31.3	20.095
31.5	20.101
31.5	20.098
31.7	20.099
31.9	20.095
31.9	20.098
32.1	20.105
32.3	20.107
32.3	20.11
32.4	20.116
32.42	20.119
32.6	20.122
32.8	20.122
32.8	20.118
33	20.116
33.2	20.119
33.2	20.105
33.4	20.11
33.6	20.116
33.6	20.104
33.8	20.099
34	20.092
34	20.093
34.2	20.089
34.4	20.086
34.4	20.089
34.6	20.086
34.8	20.083
34.8	20.065
35	20.059
35.1	20.061
35.1	20.062
35.3	20.062
35.5	20.062
35.5	20.062
35.6	20.059
35.8	20.062
35.8	20.062
36	20.062
36.2	20.059
36.2	20.059
36.4	20.062
36.6	20.068
36.6	20.071
36.8	20.074
37	20.072
37	20.071
37.2	20.078
37.3	20.072
37.3	20.065
37.6	20.059
37.7	20.06
37.7	20.05
37.9	20.053
38.1	20.059
38.1	20.053
38.2	20.059
38.4	20.056
38.4	20.066
38.7	20.071
38.9	20.071
38.9	20.066
39.1	20.069
39.3	20.075
39.3	20.074
39.5	20.071
39.7	20.069
39.7	20.071
39.9	20.068
39.91	20.071
40	20.067
40.2	20.068
40.2	20.069
40.4	20.072
40.6	20.066
40.6	20.069
40.8	20.072
41	20.069
41	20.069
41.2	20.075
41.5	20.069
41.5	20.072
41.7	20.078
41.9	20.078
41.9	20.074
42.1	20.074
42.3	20.084
42.3	20.081
42.5	20.084
42.7	20.084
42.7	20.081
42.8	20.087
43	20.09
43	20.087
43.2	20.077
43.3	20.077
43.3	20.078
43.6	20.083
43.7	20.096
43.7	20.093
43.9	20.093
44.1	20.096
44.1	20.106
44.3	20.102
44.5	20.102
44.5	20.102
44.7	20.102
44.9	20.117
44.9	20.122
45.2	20.117
45.3	20.117
45.3	20.114
45.5	20.117
45.7	20.114
45.7	20.12
45.9	20.118
46	20.123
46	20.111
46.3	20.12
46.5	20.114
46.5	20.111
46.6	20.114
46.9	20.11
46.9	20.11
47.1	20.117
47.3	20.117
47.3	20.115
47.5	20.114
47.5	20.124
47.7	20.117
47.9	20.127
47.9	20.12
48.1	20.108
48.4	20.105
48.4	20.098
48.5	20.101
48.6	20.101
48.6	20.096
48.8	20.101
49	20.089
49	20.089
49.1	20.089
49.4	20.089
49.4	20.089
49.6	20.098
49.8	20.098
49.8	20.098
50	20.107
50.1	20.098
50.1	20.104
50.3	20.107
50.5	20.116
50.5	20.116
50.7	20.11
50.8	20.12
50.8	20.129
51	20.135
51.2	20.126
51.2	20.119
51.4	20.126
51.6	20.129
51.6	20.126
51.8	20.132
51.9	20.129
51.9	20.116
52.2	20.119
52.4	20.126
52.4	20.132
52.6	20.126
52.8	20.122
52.8	20.119
52.9	20.116
53.1	20.12
53.1	20.114
53.3	20.12
53.6	20.107
53.6	20.111
53.8	20.114
53.9	20.107
53.9	20.102
54.1	20.096
54.4	20.098
54.4	20.086
54.6	20.09
54.6	20.092
54.8	20.09
55	20.089
55	20.083
55.2	20.086
55.4	20.071
55.4	20.077
55.5	20.074
55.7	20.078
55.7	20.072
55.9	20.078
56.1	20.071
56.1	20.075
56.3	20.077
56.5	20.071
56.5	20.068
56.7	20.066
56.9	20.074
56.9	20.081
57	20.078
57.2	20.075
57.2	20.075
57.5	20.065
57.6	20.081
57.6	20.078
57.9	20.075
58.1	20.093
58.1	20.102
58.3	20.084
58.5	20.093
58.5	20.104
58.7	20.081
58.9	20.096
58.9	20.078
59.2	20.084
59.4	20.084
59.4	20.089
59.7	20.093
59.8	20.096
59.8	20.106
59.9	20.111
60.1	20.105
60.1	20.101
60.2	20.105
60.4	20.105
60.4	20.111
60.6	20.115
60.7	20.114
60.7	20.123
60.9	20.123
61.1	20.123
61.1	20.12
61.3	20.123
61.4	20.123
61.4	20.125
61.7	20.125
61.8	20.129
61.8	20.126
62	20.126
62	20.125
62.3	20.119
62.5	20.126
62.5	20.116
62.7	20.12
62.9	20.116
62.9	20.113
63.2	20.116
63.4	20.12
63.4	20.119
63.6	20.12
63.8	20.114
63.8	20.104
64	20.116
64.2	20.11
64.2	20.104
64.3	20.099
64.5	20.098
64.5	20.098
64.6	20.092
64.8	20.098
64.8	20.092
65	20.092
65.2	20.089
65.2	20.092
65.4	20.088
65.6	20.089
65.6	20.089
65.8	20.098
66	20.101
66	20.093
66.2	20.098
66.4	20.101
66.4	20.098
66.6	20.092
66.9	20.098
66.9	20.098
67	20.092
67.2	20.093
67.2	20.089
67.4	20.089
67.6	20.089
67.6	20.096
67.8	20.092
68.1	20.086
68.1	20.084
68.2	20.089
68.4	20.09
68.4	20.087
68.6	20.084
68.8	20.087
68.8	20.093
69	20.081
69.2	20.087
69.2	20.084
69.4	20.087
69.4	20.087
69.6	20.084
69.8	20.084
69.8	20.084
69.9	20.087
70.1	20.093
70.1	20.09
70.2	20.097
70.3	20.094
70.3	20.099
70.5	20.105
70.7	20.096
70.7	20.096
70.9	20.102
71.1	20.102
71.1	20.096
71.4	20.102
71.6	20.093
71.6	20.105
71.8	20.092
72	20.099
72	20.105
72.1	20.102
72.3	20.105
72.3	20.105
72.6	20.108
72.8	20.108
72.8	20.104
73	20.102
73.2	20.111
73.2	20.108
73.4	20.107
73.5	20.109
73.5	20.111
73.6	20.107
73.8	20.101
73.8	20.113
74	20.107
74.3	20.113
74.3	20.119
74.5	20.119
74.7	20.107
74.7	20.113
74.9	20.11
75.2	20.113
75.2	20.117
75.4	20.107
75.5	20.108
75.5	20.11
75.7	20.11
75.9	20.098
75.9	20.101
76.1	20.086
76.3	20.083
76.3	20.098
76.4	20.092
76.43	20.08
76.7	20.11
76.8	20.083
76.8	20.089
77	20.113
77.1	20.077
77.1	20.111
77.2	20.092
77.4	20.086
77.4	20.089
77.6	20.086
77.8	20.084
77.8	20.087
78	20.075
78.2	20.09
78.2	20.09
78.3	20.093
78.5	20.093
78.5	20.09
78.6	20.09
78.8	20.102
78.8	20.102
79	20.102
79.1	20.093
79.1	20.099
79.3	20.093
79.4	20.081
79.4	20.105
79.5	20.087
79.6	20.102
79.6	20.111
79.8	20.084
80	20.081
80	20.087
80.1	20.099
80.2	20.084
80.2	20.087
80.3	20.086
80.4	20.087
80.4	20.087
80.4	20.099
80.4	20.093
80.4	20.099
80.5	20.092
80.6	20.105
80.6	20.093
80.7	20.105
80.7	20.092
80.8	20.105
80.8	20.098
80.8	20.089
80.8	20.086
80.8	20.089
80.8	20.089
80.7	20.092
80.7	20.089
80.7	20.086
80.6	20.092
80.6	20.098
80.6	20.089
80.5	20.082
80.5	20.089
80.5	20.086
80.4	20.08
80.4	20.08
80.3	20.082
80.3	20.076
80.3	20.07
80.2	20.074
80.2	20.076
80.2	20.077
80.2	20.073
80.1	20.08
80.1	20.076
80	20.071
79.9	20.08
79.9	20.077
79.9	20.071
79.9	20.077
79.9	20.077
79.9	20.071
79.8	20.071
79.8	20.068